-0.1632800222528299
0.002473400597170994
0.19009489540595592
0.017636083655454105
-0.048230965240835574
-0.016825255091954927
-0.08902007578830247
-0.15455274704457023
-0.10519139445186025
-0.051072683760155446
-0.08915550495103315
-0.04790908118473475
-0.10483893863923056
-0.15303016059997854
0.050299388805458395
0.09459328039026677
-0.07176929036741407
0.17549662226841278
-0.10211958904950393
0.21373694464030335
0.2091918239740269
-0.0675871085242716
0.19772596040384066
-0.09429498604304348
-0.05769712372618223
0.10401949010585398
-0.06911142221767187
0.15981177195717428
0.084925679139775
0.09422495839957656
-0.10730584600303032
0.17994765186359984
0.0016542818536383758
0.0584920588104616
-0.017015959854448426
0.0026136462782415104
0.05245412911591778
0.09937013328491062
0.08022580554118544
-0.15883859839316317
-0.18209674278336807
0.1408318564522994
0.05217842593965574
-0.15635015835913846
0.05015857647517144
0.21135985117731032
0.1012648676337051
0.06610215778733786
0.0690428699247709
0.07103767246258669
-0.18689172845293822
0.08848480183697377
-0.02296520997792001
-0.13181651388387172
-0.13350260592856744
0.14281796195594432
-0.09807456361790072
-0.13964873935359495
0.05150261175166085
-0.1566612487789676
0.022059036813267846
-0.12753491240440212
0.22419187870718987
-0.11846540837056804
0.10290611042422068
-0.11881956413084707
-0.08985758333021034
-0.01517035605532302
-0.08985758333021034
-0.01517035605532302
-0.1387778268090759
-0.06239518507858072
-0.13809388120482502
0.19158379352332827
-0.10687689254618034
0.14488339834989178
0.1720448512652698
-0.13055061953433028
-0.03120967275260804
-0.016183241529721087
-0.1377142262298059
0.0016322098353562242
0.00035948839405818
-0.1657259362944619
-0.18209674278336807
0.1408318564522994
0.11900648460587941
-0.16683118559114074
0.14290378201107673
-0.11998006172612946
-0.11057597863114292
-0.1488528225763351
-0.18322409139948836
0.05825689938563633
-0.12144034405807126
0.1897251840933839
-0.06803365540799065
-0.1683716214860505
0.06881487861253366
0.06921306198562899
-0.11654902802170526
0.2167515184717987
-0.03120967275260804
-0.016183241529721087
-0.12144034405807126
0.1897251840933839
0.01691301195410915
-0.15683945995754
0.13708854442729476
-0.1657418024725224
-0.10531804055173606
-0.049576163179520266
-0.17937427662295097
0.1079775348827326
-0.09978924414686775
-0.14000232846465754
0.17278546179116536
0.05325055355833169
-0.13809388120482502
0.19158379352332827
-0.10690040848866285
-0.08623468426370051
-0.016983094199894536
-0.15639294037498017
0.15457760584369887
-0.03196668880462131
0.09821504822094686
-0.0807268538798408
-0.12257392581557246
0.15934995284577036
-0.050585109410562476
-0.06558315357030864
0.050299388805458395
0.09459328039026677
0.0035973220168333403
0.22459394362741786
-0.040262743959165195
0.0016645088406936348
0.1295535264715977
-0.16224897670234628
0.18855700943252018
-0.15686977569061988
-0.06870825130017018
0.08517840365900853
-0.12046967395029846
0.24244906043764636
0.2229764161379122
-0.07145873929564217
0.119915956598276
-0.16603504344203346
0.08581551673682172
-0.10415723233068622
0.1877220518120863
-0.15680942754906832
0.22557988596287554
-0.10090324920524232
-0.1051270797657936
-0.16658497650659473
-0.12228550136440118
0.018373294286051
-0.1805044584851535
0.13892791508503932
-0.09272171179473908
0.11454216605526507
-0.013632497383046505
0.05884904781682293
-0.016863814539832545
-0.1696006836365229
0.20703317378397407
-0.0151241741441826
0.034108265751785764
0.05112278575057522
-0.048311146104962774
-0.00041537710827316277
0.05258808499068572
-0.08114164110627958
-0.11866206294983421
0.19271992520230352
-0.033651080901667685
0.09076556493317084
0.1401600665050429
-0.1575078227083386
0.0861464682116873
-0.13707813518318548
0.027629198610936725
0.20332476528809934
0.19105253258175048
-0.06437732403771051
0.188564375872334
0.0006561565600271546
0.035435641541311645
0.2565104607437658
0.052112666298087126
0.08675085523464748
-0.10022046420058354
0.1932469089735987
-0.18216615731238278
0.059469528708831765
0.19009489540595592
0.017636083655454105
0.23684147249053283
-0.08096257995388251
0.08550912950548911
-0.1539404825661998
-0.10773621608292137
0.018330795594817484
0.06826644716839593
-0.1585039920308515
-0.10343563185470085
-0.06342053683574064
0.03450152030799962
0.24383451777185805
-0.06927036732288512
-0.12630103373558993
0.12990144909049584
0.07971307196638222
-0.03410440027482488
-0.1700225539781673
0.10187172061205846
-0.0660237233360958
0.027629198610936725
0.20332476528809934
0.14787952878069327
-0.031556151447305836
0.02251802267858949
0.012100770784596704
0.20703317378397407
-0.0151241741441826
-0.13809133128335105
0.21046454541532494
-0.07296237029264215
-0.09804110401297114
-0.06178266457676136
0.12955270379893224
0.05150261175166085
-0.1566612487789676
-0.10690040848866285
-0.08623468426370051
0.19105253258175048
-0.06437732403771051
0.015116733937973817
0.09396996625217563
-0.09417601700874896
0.1488896083101684
0.084925679139775
0.09422495839957656
0.08770806845483133
0.004026302774842561
-0.11469296851323481
-0.016954167788696517
0.2400243411393127
-0.11909863886994695
0.21341251066272854
-0.1433322425851053
0.16545613750103838
0.06428888029470914
-0.08246479432784136
0.12382671346674062
0.17785612230453665
0.05604413419541282
-0.13137257152394516
0.14770531144779525
0.0315192454818418
-0.1269288810674126
-0.07928844214505064
0.14002721456494543
-0.12288161634010288
0.10476180057939882
0.03635842979029473
-0.01622517357173811
-0.0696460557533891
-0.05403824243442809
-0.08808085471204243
-0.035080426248994684
-0.03344425393766473
-0.1698001441607121
-0.15990392622124178
-0.03221261456455907
-0.08958105851258445
-0.13284809878241255
-0.16909242659052964
0.11881186790118925
-0.07183870489642875
-0.08298835090267867
-0.006833840084121648
-0.011236393870143302
0.05245412911591778
0.09937013328491062
-0.09760084487295147
0.17569211624808684
0.13531748230129131
0.049388839148248986
0.010389179525160844
0.24249155912887999
-0.003231084365954928
0.057698749907436564
0.13531748230129131
0.049388839148248986
0.03090953092494539
0.25781375394159267
0.19091002030381415
0.03699338753848225
-0.1820270449297452
0.05889154650805639
-0.13726147350586515
-0.014408212859202463
-0.048230965240835574
-0.016825255091954927
0.18480040845208826
-0.03382161501465883
0.01895436575635759
0.20936807918150102
0.0004994507505204498
-0.15287319876702288
-0.010036824780085357
-0.0038300052865796186
0.1817481524476993
-0.0041229629314824545
-0.0431095896225923
-0.03564565884240006
-0.0661552132554706
0.13999321561195865
-0.1045065988737847
0.07053902115211375
0.13909164940743307
-0.11918788612153727
0.14787952878069327
-0.031556151447305836
-0.016863814539832545
-0.1696006836365229
0.08780533379283437
0.00914456182239537
-0.0661552132554706
0.13999321561195865
-0.10477830717307078
-0.013701601286293719
-0.10022046420058354
0.1932469089735987
0.0004223864570837288
-0.04881741987869842
0.11555134100859701
0.09760785422176205
0.1877220518120863
-0.15680942754906832
-0.01841275017298899
0.055684311942969356
-0.06870825130017018
0.08517840365900853
-0.10697265626375978
0.15534940937765823
0.119915956598276
-0.16603504344203346
0.08539727295016258
0.0688872386861723
-0.03324507673808379
-0.1534633639259519
-0.06439066759545624
0.1609082381909982
-0.0757491511391259
0.15955111331760885
-0.12214837225402116
0.07104900544691561
0.035028220754686624
-0.15697403914644603
-0.09731723694012002
0.12395987603260555
-0.00026354241942473655
-0.0670031765067235
0.15883739132833527
-0.12335105791476955
-0.16033741287182335
0.16564825888657297
-0.12234301625987053
0.09000342173705034
-0.048311146104962774
-0.00041537710827316277
0.24324234203951228
-0.10005299205596435
-0.015257080686598548
-0.16750351488645449
0.004583574978058447
-0.15510891325051246
-0.12251187772637155
0.17724756834723238
-0.06946104478421937
0.06931505884458938
0.16545613750103838
0.06428888029470914
-0.020898640285539685
-0.050611714622576215
0.08539662130356367
0.077905460965918
-0.06927036732288512
-0.12630103373558993
-0.1581779127079458
0.036423905075953555
-0.17273569772767222
0.057086768753674355
0.03450152030799962
0.24383451777185805
-0.12153015795887805
-0.16687821747610582
0.06456515115148918
0.048334871605658525
-0.034353442605453116
0.07042852455490678
-0.10041142498652599
0.20941341111881673
0.23186005922875186
-0.07787150847816696
0.018059343318980375
0.006527209091629127
-0.03676935153977266
-0.16293830547415344
0.0019942713835062603
-0.1681752775325518
0.15023508957346127
-0.13526032449682518
0.10116029252080991
-0.013283414164556251
-0.034364775589782015
-0.08280532320576647
-0.12144034405807126
0.1897251840933839
0.2064398920543546
-0.04764842254516935
0.03575098183026411
0.20922641687738947
-0.04570994287686521
-0.15981040179936887
-0.033651080901667685
0.09076556493317084
0.0363604130625523
0.09995944847001492
0.12220011958977176
-0.13796182463623377
-0.06269100327072506
0.20469322314581756
0.12990144909049584
0.07971307196638222
-0.16750127559074796
0.16808768376337502
0.08612519053360973
0.01883794664353705
0.03450152030799962
0.24383451777185805
0.1019653027301546
0.08644486465776641
0.1028967323796885
0.053590543088199605
0.016904512215862456
0.25827557305299664
-0.10758095419761508
-0.07027840897778415
-0.03676935153977266
-0.16293830547415344
0.0853330715939392
0.10020594087916912
-0.08808085471204243
-0.035080426248994684
-0.0703178183994864
-0.16771657499183837
0.0371200063371988
0.0924088476608656
-0.17069406060081566
0.15808632509309473
0.11996893830001376
0.07363009262782932
0.13198161836407088
0.031494056892869216
0.23571270725137144
-0.11564151200040698
-0.12046967395029846
0.24244906043764636
-0.10773621608292137
0.018330795594817484
0.06898306009997497
-0.1542563895043687
0.15883739132833527
-0.12335105791476955
-0.02296520997792001
-0.13181651388387172
0.015116733937973817
0.09396996625217563
-0.08095949068435128
0.18834256000525446
-0.16909242659052964
0.11881186790118925
-0.11481961461311065
-0.16411891911661966
0.16840781326950807
0.016287175195703274
-0.051158841742214536
0.17456165106127602
0.03586091177825472
-0.1553996042985495
0.1817481524476993
-0.0041229629314824545
-0.0703178183994864
-0.16771657499183837
0.03586091177825472
-0.1553996042985495
0.0007091109606056495
-0.15632210922292436
0.18704263940156696
0.002239941119995037
0.14111883697927033
-0.13936343147311414
-0.13245883807187303
-0.07921446712114513
-0.05384560900199552
-0.1675876622950968
-0.15638220134102687
0.04714774149720319
-0.10460377921440527
-0.13808195427012043
0.10116029252080991
-0.013283414164556251
-0.16759420606224518
-0.01293860811634856
-0.12257392581557246
0.15934995284577036
-0.0703178183994864
-0.16771657499183837
0.15457760584369887
-0.03196668880462131
0.0853330715939392
0.10020594087916912
-0.12086944497250142
-0.04910272775917929
-0.09807456361790072
-0.13964873935359495
0.19009489540595592
0.017636083655454105
-0.06439066759545624
0.1609082381909982
0.11524195053641723
-0.11191466010383849
-0.10272618703570986
-0.062300554659434154
0.1028967323796885
0.053590543088199605
-0.06927036732288512
-0.12630103373558993
0.0013978730831963326
-0.16888018915781122
-0.1735457227825825
-0.01688588655811471
-0.016219817705341116
-0.16985227588862511
-0.17031695554727044
0.14327978106734818
-0.0726827289043258
0.03623974408060843
0.06826644716839593
-0.1585039920308515
0.07420575259811887
-0.09499763107143713
-0.12026964677689285
0.05241191271799095
-0.02296520997792001
-0.13181651388387172
0.05181276720028283
0.03560226371210612
-0.0661552132554706
0.13999321561195865
-0.10687689254618034
0.14488339834989178
-0.16788433046106577
0.08815897853751703
0.019828988821942735
0.09168920315597856
0.01691301195410915
-0.15683945995754
0.05015857647517144
0.21135985117731032
0.10290611042422068
-0.11881956413084707
0.10323020544356724
-0.16516467024557163
-0.05457261994669636
-0.015572110349783563
-0.173961359982846
0.06977971120207549
0.1917160788142093
0.020316901098462348
0.035435641541311645
0.2565104607437658
-0.05238705391886227
0.10390332701648247
-0.018240772135797473
-0.10108996012206142
-0.12060311984077159
-0.015204921657526238
-0.07662547415236039
0.12161111503043487
0.10187172061205846
-0.0660237233360958
-0.048311146104962774
-0.00041537710827316277
0.010389179525160844
0.24249155912887999
-0.09560878955253387
0.09422779164565881
0.08052573297145056
-0.15864225443966445
-0.09092345050634616
0.0522107522461524
0.1028967323796885
0.053590543088199605
0.15624468783848441
0.019115604759595894
0.052954367044196725
0.022793158174333528
-0.17250167160127988
-0.015426198176548611
-0.13407463831257016
0.017422173576245537
-0.10714491762555951
0.1704052790586411
-0.18209674278336807
0.1408318564522994
-0.1805044584851535
0.13892791508503932
-0.035100569597337775
-0.1371719156285074
-0.0882188337962471
-0.0663727792534268
0.11524195053641723
-0.11191466010383849
0.08770806845483133
0.004026302774842561
0.2270421242659157
-0.1006374907227289
0.19943015792230345
-0.06320407683505808
-0.048311146104962774
-0.00041537710827316277
0.17790032094341945
0.03867350246524609
-0.01758714226462646
-0.048670091082422345
-0.18216615731238278
0.059469528708831765
-0.0703178183994864
-0.16771657499183837
-0.02296520997792001
-0.13181651388387172
0.19772596040384066
-0.09429498604304348
0.14290378201107673
-0.11998006172612946
0.0695887231149738
0.10003594611423516
-0.055019139529256175
0.05659661718144815
-0.15614080877482073
-0.04923362372817838
-0.0726827289043258
0.03623974408060843
-0.05384560900199552
-0.1675876622950968
0.050299388805458395
0.09459328039026677
-0.16711368752669853
0.034043978366878336
0.034108265751785764
0.05112278575057522
-0.014777412124876599
0.0753158740467576
-0.08985786665481858
0.02235117178550522
0.0012171119831499155
0.2255657470336236
-0.016219817705341116
-0.16985227588862511
-0.01645214388408417
-0.049664560457285956
-0.052342855279979464
0.0949502693966281
0.17811111445193759
0.04205639828743152
0.02251802267858949
0.012100770784596704
0.11524195053641723
-0.11191466010383849
-0.03120967275260804
-0.016183241529721087
0.05015857647517144
0.21135985117731032
-0.10010401778660379
0.15904112902280704
0.10290611042422068
-0.11881956413084707
0.05015857647517144
0.21135985117731032
-0.16711368752669853
0.034043978366878336
0.035028220754686624
-0.15697403914644603
-0.13137257152394516
0.14770531144779525
0.10323774187814598
0.001488280934378805
0.19104998266027645
-0.13813776921794038
0.11555134100859701
0.09760785422176205
-0.015023054560206167
0.1936180642103711
-0.14369322543714091
0.16316633531853741
-0.13350260592856744
0.14281796195594432
-0.10697265626375978
0.15534940937765823
-0.014591267857273924
0.07571819499043458
0.14787952878069327
-0.031556151447305836
0.10630900896374672
-0.035016678212144464
0.1877220518120863
-0.15680942754906832
0.03635842979029473
-0.01622517357173811
-0.01758714226462646
-0.048670091082422345
-0.051158841742214536
0.17456165106127602
-0.03692404677586256
-0.16595457925329804
0.0016542818536383758
0.0584920588104616
0.035514122457789475
0.07655116933861089
-0.06032920933657614
0.16859483481209458
-0.011114591589766562
0.2383946852939719
-0.06483322063350096
0.1395568957152949
-0.17250167160127988
-0.015426198176548611
0.0007091109606056495
-0.15632210922292436
-0.0882188337962471
-0.0663727792534268
-0.048311146104962774
-0.00041537710827316277
0.08379895383779283
-0.06455468524245828
-0.018240772135797473
-0.10108996012206142
-0.12228550136440118
0.018373294286051
0.06778499366164219
0.014051460712213637
0.008749013368156505
-0.08719827125626778
-0.014777412124876599
0.0753158740467576
-0.013191927617259347
0.1865774476960237
-0.12086944497250142
-0.04910272775917929
-0.17069406060081566
0.15808632509309473
-0.03692404677586256
-0.16595457925329804
-0.06178266457676136
0.12955270379893224
0.11960599947687978
-0.05021761009253767
0.119915956598276
-0.16603504344203346
0.035894627406633295
-0.16669915632370869
-0.12214837225402116
0.07104900544691561
0.020509534530894956
-0.018891824784335237
-0.0875040058096999
-0.015457647208061392
-0.016983094199894536
-0.15639294037498017
0.1877220518120863
-0.15680942754906832
-0.18209674278336807
0.1408318564522994
0.0012171119831499155
0.2255657470336236
0.12826298288114085
-0.1607796552841006
0.022639568935517267
-0.08359721548575039
-0.05049586215897216
-0.16994378973708124
0.0687894077302544
0.01989474743220976
0.1511303953354467
0.08337645915070874
0.13531748230129131
0.049388839148248986
-0.17701928247939946
0.1598486041562433
-0.13137257152394516
0.14770531144779525
-0.18796411209506314
0.07037752612542653
-0.052342855279979464
0.0949502693966281
-0.10531804055173606
-0.049576163179520266
0.15072750774255328
0.01664388087745633
-0.07928844214505064
0.14002721456494543
0.01621490011944709
-0.13476988959999078
0.13478143214253294
-0.06406850021474716
-0.1233644014725153
0.17733256572969935
-0.05331182544010295
-0.15623484524359157
0.05015857647517144
0.21135985117731032
0.20816902213834104
-0.030929154089307798
-0.11932985905141634
0.1965193081985771
0.18480040845208826
-0.03382161501465883
-0.18209674278336807
0.1408318564522994
0.07420575259811887
-0.09499763107143713
0.20816902213834104
-0.030929154089307798
-0.035100569597337775
-0.1371719156285074
-0.12286518351282595
0.17582244556786947
-0.16711368752669853
0.034043978366878336
-0.16909242659052964
0.11881186790118925
0.13675847125871468
-0.04956256359832556
0.1917160788142093
0.020316901098462348
-0.16462213092198336
0.012429710654743853
0.10092943963002961
-0.017773825880286365
-0.0861508474808257
0.17138841544917582
0.1370879777780783
-0.10154781268895019
0.1511303953354467
0.08337645915070874
0.08780533379283437
0.00914456182239537
0.0695887231149738
0.10003594611423516
-0.09417601700874896
0.1488896083101684
0.1370400959192886
-0.03182899304502482
0.19105253258175048
-0.06437732403771051
0.0253929174782307
-0.09405727669674416
0.035028220754686624
-0.15697403914644603
0.0004439191273086923
0.1772532348393968
0.13564472222378915
-0.018532569181108183
-0.13407463831257016
0.017422173576245537
0.16840781326950807
0.016287175195703274
-0.05317101310981599
-0.10126505472994338
-0.13820466112664032
0.17476281153311457
0.15072750774255328
0.01664388087745633
-0.08636022436630268
-0.08263362849318315
-0.02414554029577802
-0.030455718668966764
-0.08776239785239952
-0.15338969952781384
-0.07192653552497795
0.07842677824504873
-0.17273569772767222
0.057086768753674355
0.11959551646637552
-0.11779761226898586
-0.15073610854835423
-0.05952057360354776
0.0350364371683251
-0.1553267898742361
0.0853330715939392
0.10020594087916912
-0.1067374968389345
0.17566661703334668
-0.015257080686598548
-0.16750351488645449
0.1019653027301546
0.08644486465776641
0.035028220754686624
-0.15697403914644603
0.05181276720028283
0.03560226371210612
0.06364162625852471
-0.019303212115475366
0.018349184393192754
0.007548027655057465
0.0005136169809316082
-0.1161344968187154
0.11544906082502841
-0.16526893370139778
0.06891174729608518
-0.16832968944403343
0.0690428699247709
0.07103767246258669
0.002237080572753583
0.19259242912860303
-0.045214124812474527
-0.1437019811988366
-0.10073299841685938
-0.0012696008020662286
-0.032231907939077487
-0.1549037862341588
0.15883739132833527
-0.12335105791476955
0.06883975451313566
-0.1387387007119819
-0.1378397390312488
0.0724571287497851
-0.14119543569104487
0.1950233542671584
0.002117800912691592
0.19243376734799794
0.08539662130356367
0.077905460965918
0.10323774187814598
0.001488280934378805
-0.03330344160737779
0.07815195337507219
0.19988744383997575
0.012303631204084509
0.22154534354177663
-0.05755600077012779
0.08689895003866739
0.00013653922854572897
0.0004994507505204498
-0.15287319876702288
-0.1058169751868172
0.1692861468561594
0.05005431301934529
0.09492477018188794
-0.1664926399854732
-0.029451616257423596
-0.16784863156042967
0.1541821119917785
0.10300983556329121
-0.049910769541831934
-0.1233644014725153
0.17733256572969935
-0.0008562574998277478
0.2425850562495936
-0.03324507673808379
-0.1534633639259519
-0.13504389179730186
0.12530000142950148
-0.17701928247939946
0.1598486041562433
0.182322734753176
-0.06491904068863333
-0.13809388120482502
0.19158379352332827
-0.07176929036741407
0.17549662226841278
0.13583114981600003
-0.11554206506292061
0.20816902213834104
-0.030929154089307798
-0.14369322543714091
0.16316633531853741
-0.0470265523312786
-0.14030775239232218
0.1343765612773819
-0.16680313645492661
0.21813496523259346
-0.12876397455487454
0.08022580554118544
-0.15883859839316317
-0.18209674278336807
0.1408318564522994
-0.18216615731238278
0.059469528708831765
0.2091918239740269
-0.0675871085242716
-0.10483893863923056
-0.15303016059997854
-0.030899432306603594
-0.0814904136990024
-0.16462213092198336
0.012429710654743853
0.05072956055812374
-0.15356876068021091
0.019413068297071012
0.03793969172994782
0.03596829180477133
-0.15621444587179953
0.2045920489595226
-0.11614781307530192
0.0016545651782465948
0.09087606153037792
0.13739028513505253
0.03442363334189741
0.1311979424977254
0.06370806484785146
-0.11055614590856731
-0.036525665075541475
0.08612519053360973
0.01883794664353705
-0.018240772135797473
-0.10108996012206142
0.03635842979029473
-0.01622517357173811
0.0004994507505204498
-0.15287319876702288
0.1311979424977254
0.06370806484785146
-0.09272171179473908
0.11454216605526507
-0.13437099585277168
0.15933295336927694
0.1012648676337051
0.06610215778733786
0.2400243411393127
-0.11909863886994695
0.006969734828514554
-0.019554237718361206
-0.12288161634010288
0.10476180057939882
0.2229764161379122
-0.07145873929564217
0.2362348745043269
-0.06861586017673019
-0.014777412124876599
0.0753158740467576
-0.015023054560206167
0.1936180642103711
0.08502985759821868
0.035922420519398424
0.01795507986315422
-0.15558603189076037
0.06364162625852471
-0.019303212115475366
0.17790032094341945
0.03867350246524609
0.003780066389137332
0.01753323682266905
-0.03344425393766473
-0.1698001441607121
0.14111883697927033
-0.13936343147311414
0.16443701888525936
-0.0034228678245628585
0.004583574978058447
-0.15510891325051246
0.1904156188624646
-0.0157531547744382
0.22419187870718987
-0.11846540837056804
0.022639568935517267
-0.08359721548575039
0.1028967323796885
0.053590543088199605
-0.034622884307873414
-0.05148945425885182
-0.08915550495103315
-0.04790908118473475
-0.10697265626375978
0.15534940937765823
0.0315192454818418
-0.1269288810674126
0.03551525575622237
-0.0657630646965304
-0.12465721165983794
-0.0575696003513225
0.24324234203951228
-0.10005299205596435
0.13478143214253294
-0.06406850021474716
0.17515405551591162
-0.06719413729266599
0.11960599947687978
-0.05021761009253767
0.022448041500358354
0.08033638610447341
0.22557988596287554
-0.10090324920524232
-0.10957895933480531
0.10870851237194856
0.017258101326925054
0.05102078889161482
-0.05060182556244765
0.10633141890895553
0.1511303953354467
0.08337645915070874
0.10047439197676226
-0.16466120241675894
0.06456515115148918
0.048334871605658525
-0.1144739585910783
0.1905864909023825
0.08770806845483133
0.004026302774842561
-0.016863814539832545
-0.1696006836365229
-0.12197866081369542
-0.16884959010012313
-0.0916736940689213
0.16948730732799783
-0.016397178910088864
-0.08326204247422234
-0.015257080686598548
-0.16750351488645449
-0.13245883807187303
-0.07921446712114513
0.009528156040770425
-0.10635781456275611
0.13675847125871468
-0.04956256359832556
-0.1233644014725153
0.17733256572969935
-0.08837636227841926
-0.16799819965241225
0.20755109116780612
-0.03096683626220148
-0.13524448561992392
0.20567352629027003
-0.00026354241942473655
-0.0670031765067235
-0.10343563185470085
-0.06342053683574064
0.0005136169809316082
-0.1161344968187154
0.20141541345212366
-0.04894038275866733
0.22557988596287554
-0.10090324920524232
-0.03289602082075274
0.08530023324054453
-0.10022046420058354
0.1932469089735987
0.13840402058327525
-0.1361173814367005
0.08379895383779283
-0.06455468524245828
0.08638264760510218
-0.15501173290989187
-0.12251187772637155
0.17724756834723238
0.13739028513505253
0.03442363334189741
0.11838572038926229
-0.1679707171654146
0.11524195053641723
-0.11191466010383849
0.05181276720028283
0.03560226371210612
0.13571470340202027
0.08581588402751084
-0.034353442605453116
0.07042852455490678
-0.0661552132554706
0.13999321561195865
0.10225573878604424
-0.1660602593321653
-0.08985786665481858
0.02235117178550522
0.24929812221567577
-0.08152356267816452
0.175017493054748
-0.015156189824911848
0.11544906082502841
-0.16526893370139778
0.19371493392522426
-0.032799379828189396
0.119915956598276
-0.16603504344203346
-0.1581779127079458
0.036423905075953555
-0.1666887006143637
-0.034518593550888016
0.17811111445193759
0.04205639828743152
-0.051158841742214536
0.17456165106127602
0.22610290318965565
-0.06229942136100128
-0.12340066702236784
0.139375567966032
-0.13407463831257016
0.017422173576245537
0.03635842979029473
-0.01622517357173811
0.035752115128697005
-0.1560079022324048
-0.17701928247939946
0.1598486041562433
0.21142725513290828
-0.12390467419923779
-0.01758714226462646
-0.048670091082422345
0.22557988596287554
-0.10090324920524232
-0.02248667471463095
0.023546801632207293
0.13564472222378915
-0.018532569181108183
0.08022580554118544
-0.15883859839316317
-0.034364775589782015
-0.08280532320576647
-0.013632497383046505
0.05884904781682293
0.15266941460731537
-0.11617019571935155
-0.17380411482528213
0.00036631548581478324
0.05258808499068572
-0.08114164110627958
-0.034622884307873414
-0.05148945425885182
0.2400243411393127
-0.11909863886994695
-0.08958105851258445
-0.13284809878241255
-0.15990392622124178
-0.03221261456455907
-0.15450857570684667
0.1359530066986952
-0.08583550719187323
0.001436999180290388
0.2362348745043269
-0.06861586017673019
-0.16116897059695856
0.048201709039793594
0.19091002030381415
0.03699338753848225
0.06891174729608518
-0.16832968944403343
-0.16116897059695856
0.048201709039793594
0.1596763154932843
0.07598735336824669
-0.048311146104962774
-0.00041537710827316277
0.17852561835376818
0.019007941408471007
-0.020898640285539685
-0.050611714622576215
-0.025947201479469592
-0.163930224927543
-0.07482947946083328
-0.1284857497895993
-0.034987239754048494
0.04756139542520904
-0.1058169751868172
0.1692861468561594
-0.07125278960662314
-0.04613121926813393
0.20703317378397407
-0.0151241741441826
0.05015857647517144
0.21135985117731032
-0.015257080686598548
-0.16750351488645449
0.1749013299653765
-0.08450952072422921
-0.0167122358744331
-0.014419262518923226
-0.10073299841685938
-0.0012696008020662286
-0.0902981530959975
-0.06619881794397775
-0.15315541737797245
0.07485122168927144
-0.11867566253102892
0.17753089295545565
0.019089511594480073
-0.15726444686987484
-0.17273569772767222
0.057086768753674355
-0.1581779127079458
0.036423905075953555
0.22268374181761758
-0.13412220954559242
0.01922437410799433
-0.00017936770962317938
-0.10041142498652599
0.20941341111881673
0.014305292260022459
0.2089090933161794
-0.11481961461311065
-0.16411891911661966
0.03783143442844735
0.2083481105918974
-0.06178266457676136
0.12955270379893224
0.19351377345338575
-0.08263306184396677
0.035822946280752804
0.012749584137427883
0.15747459996278151
-0.06547294029770975
0.004583574978058447
-0.15510891325051246
0.11544906082502841
-0.16526893370139778
0.08978616945876632
-0.1568139607427999
0.0518027091766909
-0.03240187540285222
0.08519789742335589
-0.11867818515134368
-0.0695092099676173
-0.03345187640092753
0.16545613750103838
0.06428888029470914
0.1295535264715977
-0.16224897670234628
0.1370400959192886
-0.03182899304502482
-0.08889711290833356
0.17768672148997838
-0.14946256443439077
0.016577866243740302
-0.12144034405807126
0.1897251840933839
0.10177828015626643
-0.1558767229387974
0.018059343318980375
0.006527209091629127
0.18704263940156696
0.002239941119995037
0.01691301195410915
-0.15683945995754
0.1401600665050429
-0.1575078227083386
-0.032231907939077487
-0.1549037862341588
-0.02882776277127526
-0.14387537585906923
0.17278546179116536
0.05325055355833169
0.2064398920543546
-0.04764842254516935
-0.10773621608292137
0.018330795594817484
0.0518027091766909
-0.03240187540285222
0.11978959382300844
0.040050460061211046
-0.12228550136440118
0.018373294286051
-0.035100569597337775
-0.1371719156285074
-0.12060736970989495
0.21316179568561017
0.035028220754686624
-0.15697403914644603
0.11544906082502841
-0.16526893370139778
0.20141541345212366
-0.04894038275866733
0.175017493054748
-0.015156189824911848
0.1749013299653765
-0.08450952072422921
-0.09995810561336886
0.22472427294720065
0.18309224438911034
-0.04993173556284042
-0.13524448561992392
0.20567352629027003
0.16545613750103838
0.06428888029470914
-0.12144034405807126
0.1897251840933839
0.022059036813267846
-0.12753491240440212
0.22268374181761758
-0.13412220954559242
-0.07368654799126075
-0.10336307345383647
-0.07089551727565362
-0.1515900216163798
0.0315192454818418
-0.1269288810674126
0.04446378018234516
0.19967271108810175
0.009528156040770425
-0.10635781456275611
0.1023124320401497
-0.10087605004285286
-0.09726397191377405
-0.15779001401812898
0.16431263938224938
-0.09384393326675206
-0.015257080686598548
-0.16750351488645449
-0.03330344160737779
0.07815195337507219
0.05086637801143474
-0.06494595652641458
-0.048230965240835574
-0.016825255091954927
0.0315192454818418
-0.1269288810674126
-0.1439292348357909
0.0454902925390972
-0.06882753096023218
-0.1693252921173299
-0.0625365913592434
0.12932037762018922
-0.09731723694012002
0.12395987603260555
-0.16759420606224518
-0.01293860811634856
0.11555134100859701
0.09760785422176205
-0.1578498228116233
0.14465957190939543
-0.13614460790024918
0.15689919498463933
0.13583114981600003
-0.11554206506292061
-0.08193072744134054
-0.10031931718769424
0.14290378201107673
-0.11998006172612946
-0.15710354579356328
0.12607347760995086
-0.11481961461311065
-0.16411891911661966
0.019828988821942735
0.09168920315597856
-0.16691677692398338
-0.026642736091498392
-0.18216615731238278
0.059469528708831765
-0.12257392581557246
0.15934995284577036
0.20755109116780612
-0.03096683626220148
0.00527120380221624
-0.014143304350513752
-0.03324507673808379
-0.1534633639259519
0.0371200063371988
0.0924088476608656
0.052954367044196725
0.022793158174333528
0.13739028513505253
0.03442363334189741
-0.07902665020705234
0.06483569678857998
-0.10329056965529053
-0.14129797189806242
-0.16759420606224518
-0.01293860811634856
-0.0882188337962471
-0.0663727792534268
0.0013140089991622722
0.08570538743030381
-0.02414554029577802
-0.030455718668966764
0.13198161836407088
0.031494056892869216
-0.18863955796106735
0.08735716989624526
0.08645849360272355
0.013177970945061401
0.05150261175166085
-0.1566612487789676
0.1744834261682472
-0.03148560361985825
-0.11046916525384275
-0.03850128756868207
-0.06944659522919998
0.01983524926448288
-0.07662547415236039
0.12161111503043487
-0.14946256443439077
0.016577866243740302
0.11544906082502841
-0.16526893370139778
-0.13809388120482502
0.19158379352332827
0.052954367044196725
0.022793158174333528
0.018972215206675656
-0.12141311759452258
0.11544906082502841
-0.16526893370139778
0.13502197473491445
-0.16493347736526148
-0.05769712372618223
0.10401949010585398
0.1917160788142093
0.020316901098462348
-0.13437099585277168
0.15933295336927694
-0.017015959854448426
0.0026136462782415104
-0.0167122358744331
-0.014419262518923226
-0.09417601700874896
0.1488896083101684
-0.03356240029929382
-0.11832544601410575
-0.010574008237276625
-0.16069012470790206
0.034887691749007896
-0.16744826658785097
0.05322545202934472
-0.1175536697813056
-0.13846446979238103
0.10462297152136951
0.03592210989363095
-0.11978655101871297
-0.08725581345289633
-0.13953994270403722
-0.18209674278336807
0.1408318564522994
-0.09272171179473908
0.11454216605526507
0.11978959382300844
0.040050460061211046
-0.02882776277127526
-0.14387537585906923
0.1918585910921456
-0.031037100765040848
-0.048383393880059675
-0.15473435811844133
-0.03139241712491203
0.018296796641830704
-0.11481961461311065
-0.16411891911661966
0.10516681413815554
0.05770158315351881
0.1028967323796885
0.053590543088199605
0.0025340047621715406
-0.1560447344314738
0.052934505989160274
0.05908987373381269
-0.1045065988737847
0.07053902115211375
0.0523887944612615
-0.16668215684721532
-0.08985786665481858
0.02235117178550522
-0.08808085471204243
-0.035080426248994684
0.22672848392461253
-0.13441375056745417
-0.05331182544010295
-0.15623484524359157
-0.12170213599606954
0.24266722038597832
0.022448041500358354
0.08033638610447341
0.019828988821942735
0.09168920315597856
-0.18216615731238278
0.059469528708831765
-0.06269100327072506
0.20469322314581756
-0.03676935153977266
-0.16293830547415344
0.03559968648947289
0.05892837870712542
0.16443701888525936
-0.0034228678245628585
0.14813310430505305
0.048043047259188565
-0.15614080877482073
-0.04923362372817838
0.014865991659696251
0.1898895123661533
-0.10477830717307078
-0.013701601286293719
-0.03356240029929382
-0.11832544601410575
0.21142725513290828
-0.12390467419923779
-0.18385505530200152
0.06988454130711808
0.0021393335829165555
0.09141721153208426
0.0035973220168333403
0.22459394362741786
0.11841008630556948
0.0003311832343950716
-0.13849251892859515
0.10789537074634786
-0.05166655944015057
-0.16757122946781985
0.05217842593965574
-0.15635015835913846
0.13840402058327525
-0.1361173814367005
0.005544045399935235
-0.046211400132261105
-0.01841275017298899
0.055684311942969356
0.035028220754686624
-0.15697403914644603
0.22610290318965565
-0.06229942136100128
-0.0167122358744331
-0.014419262518923226
-0.11654902802170526
0.2167515184717987
-0.14923448812477103
0.03728237863886996
0.03450152030799962
0.24383451777185805
0.05005431301934529
0.09492477018188794
-0.048383393880059675
-0.15473435811844133
-0.06483322063350096
0.1395568957152949
-0.10687689254618034
0.14488339834989178
-0.1378397390312488
0.0724571287497851
-0.10687689254618034
0.14488339834989178
-0.1801389697405455
0.0880513151863922
0.15883739132833527
-0.12335105791476955
0.1520033184533825
-0.06525053048025456
0.10300983556329121
-0.049910769541831934
-0.10687689254618034
0.14488339834989178
0.03575098183026411
0.20922641687738947
0.06789877682430465
0.10411865371873208
0.11959551646637552
-0.11779761226898586
-0.10041142498652599
0.20941341111881673
-0.08725581345289633
-0.13953994270403722
0.14111883697927033
-0.13936343147311414
0.03506250303228164
0.08345579004101122
0.034887691749007896
-0.16744826658785097
-0.1578498228116233
0.14465957190939543
-0.03289602082075274
0.08530023324054453
0.08519789742335589
-0.11867818515134368
-0.017015959854448426
0.0026136462782415104
-0.18154114322664233
0.14643885044903737
-0.11110636229773681
0.0043164271736632065
0.13583114981600003
-0.11554206506292061
0.20423647657620247
-0.1488443228380884
0.0004223864570837288
-0.04881741987869842
0.18152347603337826
-0.0811076421532928
0.1649506863999681
-0.16273856162535605
-0.03120967275260804
-0.016183241529721087
0.16840781326950807
0.016287175195703274
-0.11046916525384275
-0.03850128756868207
-0.048311146104962774
-0.00041537710827316277
0.05005431301934529
0.09492477018188794
0.13708854442729476
-0.1657418024725224
0.03783143442844735
0.2083481105918974
-0.1067374968389345
0.17566661703334668
-0.1805044584851535
0.13892791508503932
0.13502197473491445
-0.16493347736526148
-0.010574008237276625
-0.16069012470790206
0.14290378201107673
-0.11998006172612946
0.23186005922875186
-0.07787150847816696
0.17790032094341945
0.03867350246524609
0.1401600665050429
-0.1575078227083386
0.19199685350095852
-0.10133248598670053
0.19371493392522426
-0.032799379828189396
-0.11625295380611199
0.14755798265151915
0.034411139757976404
-0.048869268282003275
0.10155181879691359
0.041294255091311016
0.15883739132833527
-0.12335105791476955
0.10630900896374672
-0.035016678212144464
0.13502197473491445
-0.16493347736526148
-0.05161981087979374
-0.165385946764594
-0.054654500758472876
0.07581452535723049
-0.12003703727354155
-0.07905637198975654
-0.051158841742214536
0.17456165106127602
-0.020898640285539685
-0.050611714622576215
-0.07192653552497795
0.07842677824504873
-0.13614460790024918
0.15689919498463933
-0.13846928631072086
0.22407545959436942
-0.07662547415236039
0.12161111503043487
0.15266941460731537
-0.11617019571935155
-0.12060736970989495
0.21316179568561017
-0.17701928247939946
0.1598486041562433
-0.1249286366345158
0.0004994780516797137
-0.0431095896225923
-0.03564565884240006
0.03478342829318174
-0.1291424962314608
-0.09560878955253387
0.09422779164565881
0.10155181879691359
0.041294255091311016
0.19371493392522426
-0.032799379828189396
0.13571470340202027
0.08581588402751084
0.1649506863999681
-0.16273856162535605
-0.09807456361790072
-0.13964873935359495
-0.06483322063350096
0.1395568957152949
0.0013978730831963326
-0.16888018915781122
0.052954367044196725
0.022793158174333528
-0.10687689254618034
0.14488339834989178
-0.17443252880632126
0.08684151910927895
-0.14292938229337104
0.006653288542288416
-0.1499830317396968
0.15585939367246004
0.12096652424556778
-0.15415609259305768
-0.1805044584851535
0.13892791508503932
-0.18209674278336807
0.1408318564522994
0.034411139757976404
-0.048869268282003275
-0.034583218862722157
0.2258009064584489
-0.08095949068435128
0.18834256000525446
0.0853330715939392
0.10020594087916912
0.2270421242659157
-0.1006374907227289
0.12990144909049584
0.07971307196638222
-0.10773621608292137
0.018330795594817484
0.13564472222378915
-0.018532569181108183
0.1720448512652698
-0.13055061953433028
-0.05060182556244765
0.10633141890895553
0.19105253258175048
-0.06437732403771051
0.1511303953354467
0.08337645915070874
0.20653877234262452
-0.08264467815290386
0.015116733937973817
0.09396996625217563
-0.15450857570684667
0.1359530066986952
-0.02290287856411087
-0.0653474274962669
0.11882147363670963
0.10126557491392407
-0.13031690403370538
0.17363517959238606
0.183529697584207
0.018415792977284462
0.05181276720028283
0.03560226371210612
-0.05161981087979374
-0.165385946764594
-0.09760084487295147
0.17569211624808684
-0.17937427662295097
0.1079775348827326
-0.07634356616717826
0.08811931309236576
-0.15710354579356328
0.12607347760995086
-0.1751405570022711
0.0010094623464815267
-0.06946104478421937
0.06931505884458938
-0.03356240029929382
-0.11832544601410575
-0.1045065988737847
0.07053902115211375
-0.05462078513009429
0.0003852982345657341
-0.10773621608292137
0.018330795594817484
0.16476114223706678
-0.015290769013817873
-0.18185563354177015
0.1392565716305782
-0.09760084487295147
0.17569211624808684
0.06931930974501431
0.015168042993221498
0.15293630638826167
0.0013650347298016507
0.15135648837280885
-0.15109562017503025
0.03783143442844735
0.2083481105918974
0.15135648837280885
-0.15109562017503025
-0.13988449272879594
-0.06831468611818889
-0.048311146104962774
-0.00041537710827316277
0.1744834261682472
-0.03148560361985825
-0.11057597863114292
-0.1488528225763351
0.08581551673682172
-0.10415723233068622
-0.12026964677689285
0.05241191271799095
-0.1419391627876308
0.05435551953040235
-0.10690040848866285
-0.08623468426370051
0.05245412911591778
0.09937013328491062
-0.12286518351282595
0.17582244556786947
-0.14292938229337104
0.006653288542288416
0.03635842979029473
-0.01622517357173811
0.08978616945876632
-0.1568139607427999
0.1720448512652698
-0.13055061953433028
0.0004439191273086923
0.1772532348393968
-0.0902981530959975
-0.06619881794397775
-0.05060182556244765
0.10633141890895553
-0.08573011043761418
-0.042361302031115516
-0.14212389043219237
-0.06980780680352536
-0.15450857570684667
0.1359530066986952
0.10300983556329121
-0.049910769541831934
0.0004994507505204498
-0.15287319876702288
0.19351377345338575
-0.08263306184396677
0.034887691749007896
-0.16744826658785097
0.188564375872334
0.0006561565600271546
-0.10682816071356589
0.17527562907399857
0.10187172061205846
-0.0660237233360958
0.0315192454818418
-0.1269288810674126
-0.15450857570684667
0.1359530066986952
0.0690428699247709
0.07103767246258669
-0.12144034405807126
0.1897251840933839
-0.10722849838498537
0.16061358059844605
-0.05317101310981599
-0.10126505472994338
-0.06946104478421937
0.06931505884458938
0.1451122973321769
0.02768050766618435
-0.12086944497250142
-0.04910272775917929
-0.0167122358744331
-0.014419262518923226
-0.14119543569104487
0.1950233542671584
0.1917160788142093
0.020316901098462348
-0.12340066702236784
0.139375567966032
0.188564375872334
0.0006561565600271546
0.017258101326925054
0.05102078889161482
-0.12144034405807126
0.1897251840933839
-0.08647667078028241
-0.1319930251147948
0.1649506863999681
-0.16273856162535605
0.19351377345338575
-0.08263306184396677
0.004583574978058447
-0.15510891325051246
-0.12465721165983794
-0.0575696003513225
0.17515405551591162
-0.06719413729266599
