0.8673472019512456
-0.9017438158568171
-0.4944787535042339
-0.9029142938652416
0.8644013132535154
2.2118774995743475
0.5328132821695382
-0.27173539603462066
0.5023344963886675
-0.5169836206932686
-0.5605013381807765
-0.019291781689849075
0.12806443451512645
1.852782957725545
-0.8277634318169205
0.11009612632217552
-0.2511757400198831
0.3697140350317453
0.07211635315125874
-1.503429457351051
1.5641682355362416
-1.3967353668333795
1.1054978391059092
-1.1067299135255761
-3.2113596499239088
-0.07401454242444336
0.1509756176321479
0.7692782605345824
-0.31015257323306406
-0.6027068905147959
-1.2796722102183824
0.9973171556575041
0.302422509042974
-0.036445994527206725
0.14197425838484184
0.5212726564680514
0.8967478231916237
-0.5135298961952287
-0.7647985048765796
-1.5414263839472457
-0.0801624859452718
-1.0912192142639132
-0.5805165450434235
-0.3154372460983286
-1.3614476249361172
-0.11445720023473198
0.1658369675157237
-0.40843803219265074
-1.009783518501397
-0.5438048486401967
-1.2267247260093483
-0.5417157197543718
-0.6864935365141717
-0.7129319615024848
-0.3270588960867544
0.5148361669491318
2.4174733478680444
-0.3079736599439786
1.2453033858573443
-0.049950231303361896
-1.054777824036921
-0.9871768159072896
1.4821723679733616
-0.5227721501159824
-1.580700774609182
0.1318423302974782
0.44735795730457095
-0.39621068468866266
0.36677325581305237
0.6216732554478005
0.18258799290295424
2.0635324726445594
-1.414528098053257
0.13447542179098826
-0.7504205071080338
0.17077794617277833
-1.5849216228195329
-1.975000495993712
0.07641795896613793
0.7993351658657596
-0.7341613841684609
0.2596706343529782
-1.0486110899311891
0.1996091391246092
-0.8067804863472182
0.19780414465037147
-1.1553267299101035
0.8187098751066463
0.1513100343311146
1.2472317827807018
-0.9811315449941083
-0.3163867784110692
0.26574275114567447
1.0656101502695543
1.385010666443519
0.07995136571587005
-0.8333692544270453
-0.44324663165830547
-1.6632258850449453
-0.5212290552154003
0.18397640704112656
-1.2763483553703483
1.031320291955949
-0.9108047660076668
0.7546031994011986
-1.294747093887164
-0.3089435053618516
1.3066837674632528
1.4488604613960603
0.7781507199519165
0.6526940815724932
0.10432909231227107
0.7417843503426419
-1.1890297461842967
0.45844387292700267
-0.8865375150901249
1.7040009728909515
-0.46061096069208085
1.3806166730671
0.011550854811530316
-0.5223314897224139
-0.4285445284063141
0.5798498094704334
0.23828407272725374
2.368782086738541
-0.10043788444905173
-0.06037012908265946
0.42936907882406883
-0.9521895691499769
0.8139539054286911
0.8857486391050017
0.1793685083027684
0.2884648955758331
-1.3291674903186985
3.82677735690044
0.7272273878592639
0.6873977776218535
0.8376275382494438
-0.32530356414019984
-0.33164882586859673
2.166133324867938
-0.7121144920676713
-0.9713341145045127
-0.6392293964859453
-0.4091890933235183
-2.108315677494933
0.43218273527409795
-0.2560645093869658
0.7971645178681913
0.1031447819424007
-1.872153330265788
-0.08013958339077637
0.2597159363775493
-0.7445218899627394
-0.1911762654854705
0.037705782766167484
-0.4900093772172251
1.2108070597283744
-0.4578716780010847
-0.17091880823365246
0.8597200272123513
-1.4954940744456364
-2.587181071634371
0.923431885346013
1.4866601505159134
-1.4864602010654682
-0.824787462290192
0.049159981491686405
0.7931465205379669
-0.8693051074768472
1.2165527466581587
-1.0320166419304728
-1.1732923864954716
-0.8101249437386562
1.743903808158704
-1.2535513127983748
-0.06296741345233244
0.9648810502873831
1.1333920931955288
0.304404843306153
-0.08771587500860259
0.45976416736281167
0.15004682842031905
0.33258921404465736
-0.8203933110010533
1.883459566344776
-0.40947286758851736
1.7055598845880637
2.381450352258975
1.2789798938083774
-0.5066832601113889
1.332508718637116
-0.717513469052323
-1.7190313522070273
-0.3452624495713475
-0.9340285165153546
0.8235974554045667
-0.17799713014505783
-0.644068620941158
-1.3793104733650143
-0.20578151263376498
-1.2233834640827355
0.9807328909147437
0.42738273066496646
-0.4922534051879413
1.4849355023520436
1.2396882940094314
1.0615890099967913
0.17615621889751168
0.7142514255758221
-0.06823765109902417
0.05331004567633298
1.8600016877104826
0.8559153016418091
-0.33240336585565466
0.22604552898081612
-0.1982166040781264
1.7177182158527435
0.13218917720137893
0.6415345022224517
-1.6715750451349984
2.5296080046084493
-1.5385442124417505
0.03822933843416948
-0.34992245953884205
0.03248388511060847
-1.3431639277644547
-1.686258966332342
0.4285747678322418
-0.6766059259474498
0.23682745319463824
1.4478365943622638
-0.4044408603831723
0.98196744343112
0.8844124120235424
0.8803904746548468
-0.5485488997691811
-0.4447913271327849
-0.9629004617797824
1.031116879013816
-0.9470851049051129
-0.7432248681631383
0.8011708109345073
-1.3961384569487567
-1.4041567586436445
0.09495125556286627
-0.5962711113219342
0.8619387220299867
0.12774662775010134
0.14310509125359627
0.2952224330631754
-0.3382145297384006
0.7224798283492364
-1.3798615092593165
-0.9842166483577759
1.4564746688140648
0.08491622170695262
-0.684287467419645
0.6879327492364012
-0.09386813353618305
0.24942579193878897
0.059488150260498335
-1.4902627861084887
-1.860087003990038
0.6204639382777114
-1.3479844331501345
0.3800919469827351
-1.1781214641906343
0.7390901054575383
0.5457162608895234
-0.3227074047096622
0.38946225771992427
1.973441511742559
-1.1780056352798127
0.3771035614168066
0.28964962704237746
-1.6224779074786693
0.43939118271323185
0.16678906954956016
-0.60811674794293
-1.5754290038548993
-1.317240635054902
-1.004399361807285
-0.11985903546661977
0.2500644965428595
0.8605933947203942
-0.7140610622605732
0.3608561155469788
-1.1242959382809523
-0.24474410533109667
-1.321157110722006
0.04152990173795775
1.2573360987415183
-0.4966006578537689
1.5436080588909726
0.6536859349087368
-0.41611880619348873
-0.4041765527978297
0.7420543680435578
-0.06659440050851834
0.18320263636374276
0.9750830180778546
-0.18488745892923644
0.8117096924147459
0.8856318092275457
0.4485905511502656
1.010808214494269
-0.518984826399012
-0.7468476940930642
1.6912925455497592
0.37101015293622336
0.06350178932731379
-0.5768942811656171
-0.13455521090001415
-0.011009171859174249
0.9061973093114291
-1.2754874572470205
0.2778165493965506
-2.417139293254183
-0.13453714803200312
0.07920232088453712
0.13416923361580943
-0.7041787655110533
-0.29779578008489527
-1.4243980077249523
-0.9218730102875143
0.454105783543822
0.034176644052862165
1.7184960465559667
-0.6791992922519448
0.7421285553337943
-0.8424079500230353
0.06623895979716486
0.004431930042294874
0.408266556273101
-0.18128961373532856
-0.038370707009725474
0.02004765794550697
1.585632821902423
2.249492577153073
-0.6351002585654991
-0.22040020078711722
-1.0154749792730153
1.5223800153358693
-0.25756269882623123
1.2419504655449811
-0.5755337075406743
-1.034336767210616
0.19608931507897454
-2.3488667269405963
0.35865948949310944
0.4885778042180283
0.15869198546443
-0.7832104701931555
-0.04286001128223136
-1.0783552517841826
0.2474090512196009
0.4206637341640945
-2.5788038976490117
0.9696936947329117
0.5734090976331194
0.04780069074304595
0.7414418623889651
-0.2143073342434125
-0.17514254298313828
0.09216443075641444
0.2687193572068996
2.2779275078450785
1.6498876938028517
-0.3442347550426356
0.8343430256746641
0.06605252316644429
-1.0866306741381304
-1.0020628411196593
-0.4152444588014356
-0.9379192676419895
-0.9833300768911172
-0.2176564141968731
-0.05337769677605855
-2.35387361507898
0.28762178057947296
0.8559763888403209
1.3977569062781465
0.31393979188618326
0.21249856872859163
1.5667889633545637
1.3744929416020029
-0.9267064792733423
-0.04420038232253568
-0.14812298409911628
0.3008698869902884
-0.3469474704912261
0.23316559806983742
-1.4220381429355247
-0.31084219523256906
-0.30261128809796733
-0.2612647356824157
-1.0045705932052436
-1.0557506603673923
-1.375481924608338
-0.8335065348456007
0.08271960521376631
1.7417175552887576
-0.13836818216159283
0.07353521208498187
0.4394199193490465
-0.5394863507566392
-1.117480782415316
-0.32995839935309434
0.2221668784798724
0.31766209256113176
0.27682695140214986
-1.1507152587745
0.837188853615453
0.5239917252698659
-0.6786693889930165
-0.24823536412914057
-0.8636780692564338
0.9845485721628774
1.1268876293898091
-1.2454476933609369
-0.7293887840805532
-0.8241238769187919
-0.302245107517089
-0.38463012536675434
2.6282254192022947
1.168300472497716
0.5382303199073508
-0.11111953692419728
0.720178390866564
0.4472976585557428
0.6012948580604065
-0.3811033584278977
-0.37443965886455566
-1.5923776791796003
0.4361742470212798
0.7315073666442412
1.7024540598955151
-1.5621209993682985
-0.6826189293002146
-0.31368872707107986
1.0407229899812114
0.637032352787092
0.7381488373335185
-0.46807669048584016
-0.05031354248091768
0.18737935463629474
0.1939741393895264
0.7713868391795301
0.5908717835604443
0.4752438796972177
0.42077869488012226
0.01726232134202319
0.14192707862907883
1.2059082985130813
-0.6683308712368644
-1.1668232843180477
2.566340921843622
1.3725829302523795
0.00775707469383825
-0.9539091893937038
-0.9100183590133366
0.05875633772021007
-0.2537522740855314
-0.3148401149594048
-0.8812253276998276
0.21306721070385684
0.09112249168549953
-0.2707749004688446
-1.4752489489038816
-0.8857586469948812
-0.8110444209296249
-0.5938219559754295
1.1784576957586677
0.690042542033609
-1.0380358288502665
-0.9660574601321071
1.1034660018751814
0.8455671527988815
2.0669514330782572
0.27833681872569715
1.4481059520050659
-0.6217688153955141
1.2718017690632004
0.6699379107575807
-0.5481890582159056
-0.7872513606693212
1.928882426169879
1.9780832593055069
0.8551943895256636
-0.5511238699529373
-0.9512935563222538
0.3221061514655759
0.2508270929461108
-0.95831772744461
-0.5207809744591976
-0.946598947349706
-0.023545616079346052
0.8000066517779661
-1.0349062943855447
0.28365194059498605
-0.9721716370799882
0.978980004429942
0.20387595100190337
0.12902876875931305
-0.9230659230041565
0.029565956954443036
0.8262514881749508
-1.6256150817463313
-0.10459613777130547
0.36001872460008844
-0.370353821489075
1.4316537102151916
-1.6475155316032095
-1.0146667630994541
-0.9681945334092295
0.4744683813822807
-1.5481288463029368
0.389223760476551
-1.047935705523738
-1.591060989850591
-0.47300258151163427
0.5230001519213634
-0.18761736894830652
-0.7321608989850492
1.2725914022859486
-1.899221574511888
0.9651471227595213
-0.15225125061108066
1.670561142317524
1.792677757348853
-0.5873923165274401
0.38473916035184674
0.7311722095967373
-0.5360095898359952
0.5618425348596507
0.24796622637478596
0.5833575240605148
2.1347872246880875
-0.45227394615363786
-1.904929422300732
-0.14801232137479517
-0.30051631495772146
-0.5150164163609807
-1.1332988027679638
1.866094190560512
-0.20078158855614361
0.21621573748033782
1.6230649119456824
0.22105670776698094
-1.4919454611677114
-2.8398124127085147
0.34416258762111895
-0.3265358894486727
0.11320870932653161
-0.17935768865920393
-0.5194501085618081
0.35550427213925506
-0.3482450638237689
-0.370025025058778
0.3539481250532083
-1.0082825227954795
-2.0550326334655713
-0.6395528755508941
0.3950946980741428
0.3459811901635379
-1.046289336094308
-0.7055254350416283
-0.22019049551854109
0.4201051932052204
-0.3254657985816864
-1.5906210270117098
0.25437048313045746
-0.06812133639648942
-0.23393807758729668
2.4319567876761017
-0.4581663202489239
0.19588493450545763
1.1255078537822412
0.8318351087325542
0.14372436479760167
-0.8618786791852057
-2.014573226677494
0.7773352532701703
-2.0185565471033025
-0.7349283666235258
-1.4687299488892829
-0.6302547399159454
-0.8207860405217139
0.9623594000416661
0.9634421310448461
0.4767669134455632
0.2104004419025863
0.22917323646307247
1.4124547181700051
0.6743007934086883
-1.8431902282897663
0.60464525345956
-0.15681578729918075
-0.21318037768615042
0.8500938404947135
-0.7013288523629643
0.6879311726463049
-0.5464188397456219
0.32670433110420605
0.023672933817428295
-0.32609007511919996
1.4078109408238182
0.9175649712176868
0.2893752596020208
0.04770596028477739
-0.8254692945257833
-0.534291865901489
-1.4711482252217662
1.0546680019101538
-1.5413553264906077
0.42006683977782633
0.4127843818122817
-1.3931172414257051
1.850893286345648
1.2812544029656472
1.5042032379438173
-1.3466801721681487
-0.558863498575496
-1.348890518186739
1.3163790355043374
-0.8245193084528969
1.4781478331521922
-0.5584451571019257
0.0618815486182489
0.8742915469651116
-1.62477957937758
0.9468465087543257
1.5329134895480199
-1.6825089010179923
-1.277095638855154
-0.049164095632129756
1.6172450444182882
-1.3278333760219159
-0.5490888132564118
-0.513621108955315
-1.2021990588915585
-0.9318356419000211
-0.7482668746020684
1.2478334264893804
0.4788861612495159
-0.7945829429245808
-0.09790301420314053
1.5890491095968682
-0.3187120931860944
-0.02020118876092973
0.48967113973633347
0.46088540083297236
1.6124960676078164
-0.3318922968238394
-0.5233654569290982
0.3460498137193022
1.0466464693793975
-1.3970950225608838
1.0485493836897766
1.1200580965255509
-1.9115988580923458
-0.9762720631990051
0.06936664307739701
0.16239698293174698
-0.7377733906416283
2.170375179351796
1.268734961129072
0.45073049276330024
0.4700053246273555
-0.9510073069044057
0.036527243781272194
0.9826316221376088
-0.5606739093191447
0.482839049757588
0.6773535668075717
0.010557233625460247
0.29472911053841516
0.6198608836034906
0.03942837328214405
-0.8009817323068594
-0.6838872290355839
-1.1100889130236238
0.9681162132742807
0.6948191402063125
-0.05343238115260339
1.2588413938865821
1.8781187612390964
-0.7962064539548259
1.847239580682976
-0.4189711941378315
0.22696020965352945
-0.5254089569034541
0.07523937040624565
0.6354591067073915
0.1453554198435337
-0.9019570341183796
-0.24303924730611595
1.0132840904813993
0.5921127392843494
-0.2812641714727554
0.8860342442548872
0.33477358683375225
0.8092451934464979
-1.0950791279959349
-0.9574013907694494
-1.5817978698275799
2.083642120079918
1.0036782785238385
-0.1696923403928427
-0.31833457819282485
1.4885249534877132
-2.4100006012829507
-0.7377724970211912
-0.2088078989336098
-0.05505426198915958
0.776245946531107
-1.1797998116369461
-1.7250960020017745
0.8497924419816015
0.5652579684009288
1.8425610968761001
-1.33207381951253
1.864681412873264
-0.23352226133526047
0.7828302617421
-0.20401335190987077
-1.7048488422452277
0.4964057788895863
0.5214145102411216
-1.7918622750179254
-0.1648403943241366
-1.7113764897455046
0.14802866222398037
-0.6667738742302001
1.804251214576671
0.32746394433920967
-0.6750034973820641
-1.2493132373620472
2.0740868362366793
2.2963676530233577
0.5670723964702982
-0.14941049331834524
-0.503783742639275
-1.0256719548222448
0.7164701646071177
-2.0372235301112687
-1.260173984643819
-0.07408078458897159
-1.38383978509958
0.5399776274059882
-0.31779293525019964
-0.5765189583879088
1.760252406789511
0.6257827340823351
-1.2950912451895122
-2.0219530636711016
-1.1620037129814487
-0.16867416795284204
-1.8363961510947695
-1.0630574756522406
-0.6669982929976329
-1.5604320755847598
0.8636105837595447
-1.5663859716201545
-0.3939339092064979
-0.16726472478003798
0.4571442463218281
-0.08330201130475427
-0.0020530131442161328
0.2170670758491656
-0.520449909522815
-0.1985811914806735
0.9987211678177601
-1.7218878618629387
-1.150686683920344
-0.7159912492594813
0.2976427249135147
-0.8635876423611512
-1.198955262969926
-1.0983029811334817
0.8969158943798294
1.3406888326129063
-1.6070865148768019
-0.06006474128535578
0.1217874871946102
-1.1105104014356237
-0.3860468628395779
0.19301308630024308
1.8048453512031768
0.3403602031769858
-0.843356430770595
0.9022565185394358
-1.78222099609425
1.865235404609428
-0.48781020215009513
0.3492788435502898
-0.3624450789530794
1.1425129444450655
1.1220543889713182
-0.14517527751555329
1.062489809227075
-0.5139049090930935
-0.44248800510886654
2.4372208600372103
-0.4946813989618146
-0.037197610758459426
0.04509356792266426
-0.14599580858870062
-0.24197303562716874
1.9632993907845548
0.3235678928033425
-1.2621460424876874
-0.6740262145188928
-1.620420783709153
-0.7619848007661091
0.9616441029722581
0.8039495541578116
2.1869388786993746
0.2192739064848564
-1.0546707230153274
1.7515694327741567
1.595979630789368
-0.20566895944702365
-2.1351587854344682
0.14300418777484872
-0.12623042283368027
-0.5165016463322836
0.9404861214442803
-0.973727442008788
0.040393194287113784
-1.0452400787338074
0.5175755261428873
0.5619950445689397
0.9806471785187093
1.1840565746032305
-1.4661603910684777
-1.1857639223722936
1.3792216524621372
0.7139701865598557
0.6559712948188401
1.0280274154720943
0.06460090753023982
-1.4602309826440802
-0.5034862941024826
0.30120676406578806
1.714936490489628
0.12388832710090186
-1.4943692282776442
0.7774908793856218
-1.1826482832763043
-0.06644565805065535
-0.31757486677150604
-2.1335433023935266
0.24470544263174032
-0.07390053581851655
-0.03106071775366095
0.12118382371845773
1.332397490802915
-0.09390026779593334
-2.3161425316196285
1.527978081150205
0.9605680882972665
-1.0231723444760839
1.6864726406983792
-1.1814975330408106
0.4245167162870171
1.0486205730047102
0.9542704638371465
1.2234482561165438
0.26609362091497146
-0.7066806270210634
-0.46210199094682697
0.7446655670264247
-0.5506856953248006
-0.7182786108444409
0.7691546688322524
-0.4264562301062662
-1.3422134929257847
-0.018732417112986746
1.4019598460864797
-0.9468819439240465
-0.9289722569366949
0.5402530345194313
-0.4626831009870484
0.13186128638962272
0.017504708744964317
-0.08566965841815014
-0.9454330782329367
-0.16518746011396868
-0.6640816750116864
-0.05097240787384106
0.9460141663020142
-1.4759171043358736
-0.3316240642522175
0.4606101161952669
-1.0448444830542667
0.800501500483675
-0.7123220230103565
-0.04684090049434106
0.016058664644410598
-1.097512685130007
-0.39694029674858944
0.0017255614667643884
1.9130949279950848
0.5840074234273207
-2.436984575273037
-0.7851407995272094
-0.11330860532230347
0.3258930615313131
-1.8738422827221892
0.514070005660679
-0.3471526733669887
-0.5506315834389681
-2.0290569754416783
-0.7387307896511174
-0.8040478598165949
1.9337733930860554
-1.0127063646730523
-1.6198218261046697
-2.301640815637287
0.05630221407789988
0.30846304489210796
0.443288739924062
0.887238972356767
-0.9544585331847868
0.23205485145108237
-0.6631021187702822
0.12343837920679941
0.9736104916528378
-0.27858556670011714
0.1898105348984566
-0.2420879915236609
0.2430959097370374
1.632795794821451
0.8653623358812071
-0.6753249752423724
-1.1766793109832183
-1.060143580126797
-1.0828152276268432
1.4798497865293763
-3.258886422799976
-0.3980614908537168
0.8874153411184943
0.7628345400797071
1.9487289267337895
0.06007624678314467
0.13121924211305955
1.6631514879316553
1.5532930833424494
-0.3097241657085329
0.663181039420058
-0.31139007679976627
-0.502592253035842
1.0289671607600694
0.7170404717062681
-0.021319803330577244
-1.6862411543946874
-0.8437746833484402
-0.49843470618138486
-0.07934593293022894
1.0571672734836315
1.1367727636022764
-0.35410886987635204
-0.6704320319463439
-0.6859634231601931
-0.8818911422287741
-0.15993352995604415
-0.9534724680607949
-1.0844994254585063
-0.5811860635492947
0.11211100257018952
-0.7680293543783997
0.4968849586486603
0.5687002777919432
0.6793064483185374
2.0541018366847066
0.8099504081620889
0.11745286465666484
1.5362780109404712
2.6515009100826217
-0.8760812182867104
1.2649961352349641
-0.3316994792981884
-0.20343270844385788
0.61429003379831
0.19594010560253172
-1.3924945898649093
0.07625482015683241
2.287197906293412
0.4138465270504536
0.7911725243495176
-0.4219251898028065
-0.5874009993144205
0.12786603478079045
-0.9992631145958669
-2.20682246555775
-0.6558125684544638
0.9516395195808163
1.0341262148400534
