0.6791074260357777
0.8284134829000359
-0.3530074003005963
-0.13485387193052173
0.5866170746331097
0.29733585084941616
0.06494754854834232
-0.10901738508171745
-0.514210390833322
1.5743302021369892
-0.6889071278256981
-0.7628038164104581
0.39748240921816347
0.8116296225068749
-0.34635460427879816
-0.18757268194516005
-1.6072563241277753
-2.48079273065994
2.2762328327845243
0.21969346754254096
-0.6512639436469041
-0.11713753073293519
-0.6012535941853836
1.1422764389413194
-0.08861631820047296
0.2794662520898984
0.1114216780915173
-0.3578835146703243
0.4737143221493313
0.30023392902396967
-0.7626770596674239
1.4230485806643178
0.40838681696170764
0.5886213806024645
-0.2962776971090756
0.6911107341102476
0.5068736340422747
-0.05692987609895758
-1.7710236453721393
1.5906225203074087
1.3970614473997425
0.48155603952425174
-0.3219431528959694
0.24634263300826426
-0.17878873231302242
-1.477880724921868
-0.18542418173298963
1.2697236910352527
-0.16250386433248049
-0.06718670528194168
0.40725674393111794
0.577281986591789
0.8913150910765415
-2.294490343273506
-1.1730257522688414
-0.8799154991652847
-0.4940426598043065
0.5119593023121581
-0.7587009830949235
-0.767959839503059
-0.030303176320568014
-1.3192351950482664
-0.48260413771905986
-1.1575488679718187
-0.21415042380883462
-1.3719311300410884
-1.538056900460848
-1.2274214274731874
-1.9584775602401348
-0.4731313278801985
1.3387511440363178
0.8078171537125458
-1.0509226716763997
0.8161748215698447
0.15250071739234486
-0.3300929096736391
1.4443144400304955
-0.44284431901959326
1.0968638769692454
-0.2510594633385196
0.2922931944130215
-3.4673665308955437
-1.823216717956119
-0.5284309200347905
0.11747153043190141
2.1035617623727196
1.5228546580255704
-2.1084517587736094
0.5567413975424059
-0.5688544458705022
-0.4769398551000414
0.1745939682978346
-1.5176051661226406
0.44157293235560335
1.6768937028421047
0.2384811702037166
2.3137925213196087
-0.0818509513815898
1.337795526745273
1.2196310275075175
-1.221868428597875
0.2569144773454574
0.7997110022690771
-0.6828316587443608
0.15648268977079838
0.1407136222157344
-0.12661169386986812
-1.1689770532667771
0.6340673330099996
-0.9987096138584545
1.0291211918802827
-1.1575125650724378
0.5336042936683815
-0.30841812253218087
0.9858587273232406
-1.1888211291384636
0.6801714953063889
0.0020357051781484618
-0.4781385362625526
-1.0561494065389772
-0.842567914525555
-0.7156338721767217
-1.5001651975188208
-0.4925937373690953
0.15120599619262445
-1.641297015343711
-1.6496452210976662
-0.33091390417768374
0.06339670705628722
0.11851788595392865
2.7055294074953027
-0.6912676456932316
-0.0550981570327994
0.42339425608415165
-1.4311954293947522
-0.44951447044665416
-0.8813000974210278
1.0773623484325463
-0.061481141620233874
-1.328201106285229
-0.9591352056862655
0.2150003368297967
-0.18062781027142966
-2.0621649242798017
0.24694222417539544
1.7370553989558823
3.396341675720924
0.6371035850310129
1.3078828805918434
0.14760427642270388
0.40339335252911473
1.142122729592916
-1.2025252501203203
-0.37568528215457714
-0.3635443553064179
-0.9795339466733807
-0.760265311442331
1.0226540063769154
-0.8323334131790922
-1.4429277867026526
-1.313684989960247
0.1456142708384867
1.3132625511807754
-1.4378554051189705
-0.6851083574480151
-0.614376707458912
1.6053803292392559
-0.40058165838750454
-0.2254823378539177
-0.8675519489679598
0.6365410750202465
-0.447924030179972
0.3625307235229423
-1.0436101155270108
-1.67939406061575
0.014684013032024601
-0.5146291119778628
0.18654506924680858
0.19527444183671494
-0.3155222278536474
1.3120937908936643
0.03416111518569186
-0.18731573447118072
-0.7557221336420332
-0.6586155905530147
0.5063474011611547
1.1214381816265229
-0.11906064694782019
1.1735858561293302
1.0294675448704225
-0.2738902118871434
-0.9698871100297544
1.8859037887145165
1.9675278045297775
-0.33055362535831073
1.615775052168801
-0.42863489212278055
-1.5960024025105368
-0.9958703868973625
-0.6088355396146079
-1.792510243512279
-1.1445563389607334
-2.2839237549461173
-2.1110173410586723
1.2193347515820447
-0.22210496385416295
-1.0024316257728434
-0.5037603628866357
0.06467678861102817
0.9076366976797653
0.7208393833885718
-0.6865641489363824
-0.23769600340388383
-1.0328856926775092
-1.800550173390088
-1.1644620059618658
1.2115810954933637
-1.5855034126392507
-0.35266396221700463
-1.273598490270002
1.2605934139379262
-1.425156346926224
0.32134216071452676
0.472792714157202
-0.8200415275149521
0.17029505281918952
1.380557531945107
-0.3567195551652694
0.6901769856547664
0.6354458056456802
-0.9993973367853938
-1.0967368288417159
0.5081506248657385
-0.6356842880921264
1.0741801234811343
-0.5440188641244356
0.2776710313875409
0.8222247853299093
0.687621485762813
0.07627060610220869
-0.03516298654023684
0.913817579551176
0.49538029588111177
0.29686289412954014
0.2663969872869288
0.1498344522145079
-1.2678099736695208
-0.07668552664765448
-0.7945657412065438
0.27625711189697677
-0.7118391116018117
-0.48830759243125627
1.387250462167932
-1.3556470448137472
-0.39712952394226475
0.2152834079530098
-0.8574513201351505
-1.0655571709974196
-0.054797813541707534
0.9212977283318514
-0.5730743519690958
0.12159010339420678
-0.05106122395199657
0.10983908207320564
0.8074651889600282
-0.6067504406283015
-1.5903849947664543
0.22955862753838005
-0.8208340558839481
-0.9402543365611921
-1.0444783593398774
0.019326834697077657
-0.2766942068734281
-0.3292989710748747
-2.0801072672404266
-0.9115109252669642
-2.5138172276982664
-0.1777237158026607
1.5604573702538655
-0.812304806710148
0.7415695873012556
2.2600813291409176
0.5831356940739739
-0.053061609640642736
0.416788961500692
-0.7505226148642306
1.1955693971506074
1.4835370384349391
0.45581809090514025
-0.13005130860960398
0.700296545491532
-0.8732539556825689
-0.4100476224585764
-0.6919358201162493
0.15231770645332868
0.045943612075733345
0.4056912304829537
0.4335235898700179
0.06487712363946631
-0.6752808310718523
0.5195365780773017
0.07119085787727188
0.0945762642378552
0.7106827995942762
-0.3457209671448468
-0.8353979677680569
0.5923409112237165
0.5435481378302569
-0.7123241962189755
0.14130817120483866
1.3852513940378155
-0.45897146372853215
-0.6565584361416424
-0.5104117247942134
-0.4830158335863827
0.029847916371311102
-0.4743148039906883
1.2026050781275266
-0.6189463720829448
-0.6949703524024066
-2.1791169017803096
-1.3534854676409207
-0.14440969920637556
0.8359630773718147
-0.20845381611399583
-0.19995673359271451
-1.4790845909897996
1.7636525764150623
0.7487757012308912
-0.7792201346355339
0.7541415048948907
-0.652421670852199
1.7710288862003265
-0.6123236544143581
-0.8718734488060665
0.11888730759466228
-2.054312487280486
-0.2947594496665117
-0.5594552416982232
0.3848226860244632
0.20732994223984424
-0.7503642115259687
1.8994201238037536
0.534956461877281
1.0569793098244402
-0.5674194753469961
1.0001232200996375
1.5584505956097767
1.7587112545960626
2.4229895809932844
0.5847281984203515
1.8841515504476793
-2.426170424815962
-1.0657636316627224
-0.13495458758654616
-0.9409720739628075
0.30484791116512605
0.2667276527375585
0.25083840903258764
-0.28848551715716436
0.7298179911342397
0.5860983556509074
1.0030529428097805
1.610032727015807
-1.4173177022841652
1.1215736655616313
0.35942098634825037
1.13230946148059
0.4552646960372658
0.2645928942686233
-0.48589161639346373
-0.16524503867520338
0.6306408037682363
0.10608671396004639
-0.7265921928237958
0.35289837406430596
-2.156397761361506
-0.15667025554012745
-0.9947581187696625
-0.2929065372225269
1.6031942254290257
-0.4708612956657743
1.3449330294259216
1.3466836042060621
-0.973310534213297
-0.6700600235011419
0.2159630247813705
1.3161979138223456
0.36322028456310057
2.892049112727479
-1.2952177437158159
0.36798245140889185
-0.5342512597916337
-1.0963635689241191
-1.795942296169766
-0.5775409953163604
1.8741513434230008
0.8561252798378431
0.8426432445329454
0.19715175869244234
-0.9880873630261975
-0.7231246156016863
0.4682081738459934
-1.9279538171966966
-2.3307224776033406
-1.1201207625632215
1.030556077502977
-0.6969442199643832
-1.9194879167029415
-1.1168912615312445
0.46603646981163493
1.7971328864242029
-1.50613138231381
1.1817597993198612
0.9553014644705143
-1.5547812782684602
1.308499048781546
-0.20538728503238957
2.3420084231757685
-0.6348852621370409
0.5398654743896564
-0.49834830695957033
0.8050121598760445
-0.04930430758248128
0.1414339091540299
-0.08495662188669478
0.9007833733687387
-0.45328655710028914
-0.8968979862260451
1.1689158370122452
1.293693609546212
0.9082515214361725
0.03531485470472848
-1.1317528436856892
-1.6796397133272405
1.0585763656560003
-1.3882638627756276
-1.0076174800684206
-2.0378523283743277
-0.852405530274768
-1.14300432181
-0.10680478535818283
-0.5385781542854364
0.6711991725275456
-0.21692839038676107
0.15367736916595787
-0.41401932297972915
-1.208631824600464
1.6646273392762243
1.5989965675501365
2.7445021708931803
0.2852008801474242
0.35908979316231393
0.2410847557545625
-0.08247252669483318
-0.07680769264223435
0.2575033170092472
0.018283175481603534
0.3853279195718555
0.049909464546087044
-0.2571837639684833
-1.1725165149259573
-0.26590444265653473
-0.8394683034105034
-0.47265731633202507
-1.0206864819003565
0.7213137834238873
-0.162962179408594
-0.26110145160095916
-1.5782852781652381
1.6920155109532462
-1.2368361267547476
-0.6094190615478595
0.40125046735984193
0.6686375870152589
-1.465994712157085
1.0596989701515762
-0.8204962162404331
-0.2523950574678869
-0.5308448745957546
-0.7827943278984336
-0.8329333346085893
-2.1252230229556077
-0.05820449616471926
0.25958782324617347
0.7028833317362714
-0.7832511723035374
-1.1824354650498017
0.5395115668811968
-1.2062322570480513
-0.28121500744348854
-0.44454015495232424
0.18501524984191076
0.7533325496602015
0.02730234296107931
0.13872312106005222
-1.1674129551663313
-1.857107954032132
0.48138093457342374
2.3163442367619336
0.1523241067657348
-0.5894499639295423
0.8708810149896795
0.6898132495251642
1.5642841064225599
-0.7512480182908644
-0.11562847672418326
-0.41303664648824323
0.81446056173502
0.5611212296332768
-0.9875527422115522
0.2901285410626145
-0.18475218507999178
-1.8448437219898055
0.18522209008822346
0.5183634951108415
-0.7977806500178192
0.9715106606440166
-0.10427560064728277
0.16092419974358285
-0.2980706853622067
-1.3461893192383942
0.08392178481641094
-2.08480965137255
-1.1395403198385567
0.5059890898406693
-1.979463142892711
1.4435753669149427
0.4679005105625761
0.7074222280504857
1.5589664418653733
-0.2969234144481658
0.38848622576520286
0.8767627442339153
-0.4343873980614489
0.303961986766824
0.20807609428988152
-0.47660740761671494
0.25318392073308693
0.0537676231210355
-0.8781662112391568
-0.21183599888797325
-1.513100919633196
0.13801471854261976
-0.7198708460643903
-0.4767176471012694
-2.1090326772299473
-0.2911411605756714
0.8661164439907706
1.7003106886301071
-0.8663936834459031
-1.572454976505927
0.787616386200672
0.1861434557210897
-1.1554591352070895
0.3589489823252026
0.42934170315557446
-1.7268224389608038
-1.5184455665383374
-0.48706046425967153
-0.05845300364215963
1.5107392738363974
1.4296620422393542
-0.5956954390480608
0.09193568748501443
2.188361027159714
0.3846368452689251
1.6015019489453861
-0.21431703115846812
-0.9729508396564618
1.6651114718514166
1.1610084831218226
0.35524454572190983
1.21364449647281
0.632809162684727
-1.5608800875736748
-0.3974115074799471
0.8264703592114638
0.040234033864195655
-0.10616650838154068
-1.5508662513135538
-0.23162725913377705
0.1800894871266025
1.0813271945217928
0.8170086629653849
0.9256545920726622
-0.8424724417801003
0.772241983353581
-0.3758966682122749
1.3976447511081942
1.834106437553315
0.2676517032916694
0.33152448102959453
0.7583005532545283
0.13288724014000913
0.5273670530167381
0.2976644473264969
0.620869721316634
-2.262232006965367
-2.17552469276001
-0.5412493665238725
-1.853782327571428
2.4702165830162506
-0.24529674402720825
0.21414821269012732
0.38093774940108094
0.7036726194457854
0.9366378077676741
0.11180564656233619
0.038931269871636684
0.6501270448965853
1.47599023132991
0.3686131183386508
0.1961751788222721
-0.2122306784152932
0.773789064255423
-0.9659687040544361
0.007144340299372386
0.15251528682397264
0.2859654891016661
0.3742438523130581
-0.2200571917873792
1.8216847959319176
0.5086089093280942
0.22592138059300157
-0.055779369375216145
0.29071325358998135
-2.848648385698923
1.1691080553932356
-0.3356714189899933
0.9140070426300351
-0.49467207813179925
0.5358297556573214
0.653843863857065
0.1543825045586925
0.27512761131584723
-0.073035920719555
2.3253526924343992
-0.2754207637826463
0.08670717498237165
-0.7358978245627738
-0.27432275315351184
-0.9881416025435125
1.4819813706606806
2.476439338348187
1.419507770225616
0.2773802321903957
0.10146484711318046
-0.3138118757491892
-0.5033572683631047
-0.508390309456255
0.8717298746738003
-1.1902287916097614
0.5349198270048133
1.7725527516039579
0.3267416211492836
1.549756728064651
2.0392091651603663
0.9678826935638055
-1.3383491555747502
1.2073294541634312
0.4660684423801369
-0.11122906296686177
-1.0378377789615933
0.11620699182185247
0.6793244745750499
-1.7137277740902348
0.17957672701497362
-0.7625604872924043
-1.5062525119648422
0.2055942095152215
-1.0211141572992817
-0.1447955578431158
-0.7178112935037324
-0.02778835456617681
-0.022238558255658975
1.3758922511735912
-1.0680607936242037
0.42309543777957365
0.2948523854630719
-0.24295705187954042
2.342475213715014
0.8270568238810911
-1.0742094733469958
0.5276322346975884
0.4993259487765512
1.6887284063845356
0.8673328766076815
0.19335326916770396
-1.332516251271176
0.4818207991210661
0.2647483904629375
-0.3937833956389234
0.4895285339653152
-1.075397365168889
0.5182720024380046
-1.2429154300441319
-0.10199479887282908
-0.1661556723109753
-2.0196121701895016
-0.4268489001872329
1.1639533546904355
0.049009289630430455
-0.11799538391656043
-0.9573288307508901
-1.3391280303023112
-0.0700857451756289
-1.654095750779718
0.7978630187811491
1.0090051697134232
1.0249213976717177
0.6395960661202987
-2.087207308893383
1.9748701967381919
-0.7661283807202809
0.4774323881715796
0.2691103243256211
0.6543011601071406
0.8564381657460833
1.2098229557209537
-0.4196708289312133
-1.6455678596854408
-1.5596253578034205
-0.5696777730283733
0.21315514930976573
-0.10146411602016758
0.3564055133663593
0.7157640881596093
2.083412624816528
-0.9101774719816846
-0.5955264535208321
-2.024419961443057
-0.9579794301029997
0.17127630041689001
-2.139516559702778
-1.0863805772952555
-1.4622812535149858
-1.5807885167450262
-0.08906093785493716
-1.0539521131392877
1.4202682572029826
-0.4733382068176408
-0.23803429597876957
1.35916763955015
-1.4279661416602931
-0.9603554195639984
-0.6812664750258748
0.5898599735023573
-0.5381458828660525
2.212822914125629
0.7995739537449356
0.017396167405311986
1.1426863408818135
0.07511220002676738
0.6849956813206899
0.5480366342695501
-0.6912031890406366
-2.1084288116550116
-0.36316461104394043
0.0791548049496721
0.8519113295307857
-0.6461037971723573
1.2519469361609492
2.155504277585573
1.611451895588195
-0.6088428872105678
-0.28826433027653775
0.22923074691525286
0.33612165810626643
-0.5740866396832819
0.6228243431188699
1.4898247994244447
-1.3838605530534114
-0.9170709046274087
-0.5136693858347259
0.7899323245942076
0.2821056687638367
0.18292452527289035
0.037952759255357904
0.03974190141430193
-0.6600389680123969
0.3509801765514056
-0.18172098718092128
0.14365523322589116
0.009853066640631075
0.9832087171769044
1.1065043021807388
0.11468321060008799
-1.54568607949145
-1.4618747741139289
0.3445600458871762
-1.0011711670767254
-0.15314994921592212
0.1793047540817088
-0.07758358300739064
0.39547927310015385
-0.5949758873704291
-0.7194939638988257
0.4613982038936465
-1.4403644991639808
-0.0865738219635249
0.3336027921501392
-0.9700715997911944
0.529038325365505
0.01428817244830996
0.5514662207360914
0.07191108707235153
2.256279825493267
-0.44977594022853296
-0.06042369088127365
-0.4150817745957477
-0.2378233743806
-2.1417914266298825
-0.9831910341816036
0.40690904179545084
-0.31397964755367896
0.5640784246203737
1.3330105071887186
-0.025102013966095994
-1.0040451771483194
0.5396387266686351
1.4649794507000202
0.49168702335200576
-0.14581879420327604
-1.101598002310285
-0.23428345664528774
-0.9653642914020885
0.8669414569509762
-0.9456809610407205
1.8624669118124717
0.40286842506180465
-1.631220763011059
0.2985910743799548
0.3046776321883279
-0.631043797477403
1.2647402853083602
-0.25018555207650583
-1.5220466302935947
0.19027743857713644
0.39957855477240894
0.8932147416452666
0.8488957102073615
-0.301021400279522
1.1632112926970772
-0.37165177089247586
-0.5424684404987561
1.441329074220653
2.003204169180043
-0.6807519193257392
0.10992495525388606
-1.3484846549514882
-1.7845176783310976
-0.19527635017246814
0.20504262267896653
-1.7289814303498674
-0.688524817001624
-1.0912217651978768
0.4011980092294996
-0.12110844231868718
0.02640041346784169
-0.09759952805515842
-0.7289890399892072
-2.7228179305542612
0.2604377824344015
0.9753089733387579
1.4435110022134112
0.8369137460763193
2.023662325869476
1.0810893898709064
-1.5573419258471164
-0.2808087045229689
1.0487782294882138
-0.013491603676924877
-0.6291340569870815
0.05469184267663064
0.9635802716642802
-1.7195871054967065
1.570212889108606
1.2382992615821486
1.523609896887922
-1.1604787645121029
-1.755716555408289
-0.6652462367794247
-0.2018453499816377
0.07007705252378725
0.26332381487741063
0.5744272487584331
-0.6962074067303752
-0.20267249502019405
0.19438962959329417
1.563595079825208
-1.2972078244077032
-0.23476724766045523
-0.9859795126552939
1.1116925271104192
-2.924068843758831
0.29404353934268335
-1.0152384844996871
-2.0236207366681493
0.7470650806768042
2.285008480927279
-0.3634643988713743
0.01338177936807051
2.073406108375147
-1.4620633305070745
-0.385705676799044
2.372626577433064
-1.8328678833580334
0.45813393614972797
1.153800930402742
-0.17893801810529622
0.18224034289816377
-0.04597007603430098
0.16424101836268717
1.2255872967998398
-1.4938421157420274
1.5280622419373961
-2.0995250212543515
-0.18413686716376718
1.2503897806441109
-0.7462775945842061
1.258148949716263
-1.4721568581874165
-0.6868521258471649
-1.6340260047051156
-0.6502323970124408
1.4735436054280506
-0.2992090756064038
-0.29851615480893956
1.570169760011212
0.2678594819828572
-0.2795540994621817
0.23918538187986196
-0.48408745126604225
-1.2343871247382239
-1.5214371216208498
2.168702077771216
-0.9795769731058861
-0.6624368484346211
0.2846459187305272
-0.09357663147471683
0.6737712905610856
-0.30914650451259296
1.2164890220944915
-0.08725716092826576
0.5580981034928123
1.1619087028964628
-1.2306384057749218
0.3569084331146495
0.28916291373165043
0.491929162491085
-0.5686657242985417
0.7369089545712291
0.3964255421831337
-0.5124453565267961
-1.0014492190740665
1.2824221742250348
-2.4334386259123026
-1.7019740420845406
-0.22909242470036437
1.171679842164638
0.9789624033259317
-2.130812703274649
1.2802845721884373
-1.2334038955025706
0.5024694639395193
0.4652544838302048
0.21612111639945283
-2.0018475815495345
-1.3842084857273227
-0.6219155106926434
0.5464811693693847
0.05397668942310507
0.9204339520465821
-1.3429187359622072
0.10210288229126885
0.5668058482746549
1.1067747780997557
0.9252083600686668
-0.022986493488456706
0.9018064645979798
-0.7274735333221645
-0.4819154864635573
-0.06773392753358941
-0.6466448566951813
-0.09625119368719821
0.12018187901073109
0.970747349794605
-0.03833036698998587
-1.054172527437034
0.0503567351586614
1.6190304667171438
0.23678276387571856
-0.3302192636430245
0.12716716482839976
-1.6399424563872262
0.6103348076753566
-1.0080690920933173
0.44440669588488974
0.2579058331509851
2.510004785020815
-1.7060348808645165
0.3384374453757551
-0.3134175228542837
-2.1047742568135166
1.7275550353285618
-1.134848610269588
0.8903685581726503
0.18395980410188245
-1.7513978116276256
-1.2675878148363906
2.0923130962172287
-1.1312145431007146
-0.5562284096010934
0.6025229666164845
-0.055776171463730366
0.4410334607657561
0.26348851712517557
1.9937183659937452
-0.572519118786203
-1.0755541286958534
1.2991448731526993
0.7643663184231855
-1.4557821817499998
1.3165988412561889
1.6350334698423639
-0.4020680690298734
0.1267693196552671
-0.6287731467693565
0.20861224419481925
0.4930136158558041
0.1522785487105081
0.8100979852053266
-0.8221468194595355
-0.3670698863698904
-0.6200021154665445
0.02008706342317632
-0.15671011841126722
-1.903364037199476
0.05342649643303642
-0.016690770065802833
-0.640799785078863
0.695786936588442
0.5713525294675962
-0.28463656952586563
-0.8841050982665116
-1.509035425709094
0.34359910707196367
0.32157133769321167
-0.2519936112238521
-1.1354607592519876
-0.21981720744879324
1.7673236365115013
-0.8559859449725378
0.4023679244032457
-1.1732362969786232
-0.23697514175694753
-1.6365738104849081
1.0654492526521435
1.1191460910605757
1.7490291112743428
-0.8134390771643023
0.20161453321941372
0.7213364150515402
-0.9465253685928872
1.0019623758170584
-0.37644957118183703
0.8295262580574763
0.08046738274946853
0.6126985578911434
-0.6210731329589897
-0.1826303761144633
-0.7367094582246444
0.013848142552211774
0.8465279037213169
-1.7248734843008469
-0.25713308629766796
0.436590673130331
0.9770367416995239
-0.4260074413596321
-2.5286344376920997
-0.24810997528944123
-1.1291696234390058
0.9319828146724491
0.559043178649793
1.3203000936429328
-1.8273069121978323
-1.1113433958720698
-0.4604176683317713
0.30077205147569697
-0.9194112639811834
-3.080685570855946
1.5435682324464608
-0.8509418244915806
0.45319536636867097
-0.1819816911460477
0.6010201383670454
1.916889491941164
-0.6193337892577238
-0.47670662099357114
-0.537440717310057
-0.5549447295330284
-0.19306781589511535
0.43878137920825677
-0.619753798677935
0.532527543386478
0.2870604037055231
-1.3606668931767876
2.0436335178355733
1.498092266674248
0.5112947533514527
-0.8214293992385084
-0.24658251713357188
-0.3266969218581706
-0.006366852861516404
-0.9719516274395518
-0.13160624252607833
1.1405986307103773
1.3666833406208156
-1.1106069765990971
0.40154373134719
0.31931024982255046
1.1430373660854147
-0.0563907327968627
0.3974334994499612
-1.742416703488593
0.11413348101229343
0.35443392277873675
-1.694532481950867
-1.427906402429983
-0.8191933324751692
0.25250168329347533
-0.07294983995107013
-2.0847064094500154
-0.4226218453984596
-0.4996566685610228
-0.12006571642809534
2.079033853291849
0.5947427383765723
-0.9960247028170403
-1.3448129874578787
-0.5696683246271548
-2.7049449823242435
0.6921663728548706
-1.2782734576222337
-0.1161767605939236
-0.12119909148499781
0.340587249963923
-0.5185728889480915
-0.3535722378132111
0.557787864006434
1.4059194169239384
-2.054014320738731
-0.09442204901297035
2.07071869497737
1.52802610667254
0.896234767558231
0.5539980573909371
-1.5999591121518
-0.8386563338813614
-0.5431171599368124
0.40192036175663554
-0.6407720063005278
0.7491318694059595
-0.09133047705253991
-0.7736363352140306
-1.1345488337060288
0.467265513760061
0.47512394693991233
-0.1662681701495271
-0.45824134302924324
2.1902802749979893
-1.949984661134704
-0.5321820832826258
0.6918882239593327
-0.5872897686204848
0.10675130507553454
-1.3518831045792192
-1.5164452322251163
0.47031567126936064
1.2465771407685484
-0.7300995243361726
0.08525773835116036
-1.1376585273812867
1.9870518501385361
-1.0939894131578707
1.696057064440878
-0.5342380809931352
-1.3270738221292713
1.0270181409967984
0.9848948766506855
0.9440210506202371
-1.1484970723124794
-0.37289388826480385
2.0137667166772437
1.9960872575445183
-1.5336286977165139
0.41029805383967366
-0.5865614941565063
-0.5363909079045418
0.14771778880274689
-0.999039043942267
-1.2581209020484372
-0.6682792742078861
-1.0356440560762457
-0.45125399289125023
1.1042499145182174
0.48112255804452414
-0.24170115028658964
-0.7584820840713743
1.4766619293613754
-0.9286543120799761
0.42138109838203713
-0.26258900493082415
-0.2419817422725526
0.35226355045276936
-0.8903368057352476
0.8774647288169889
-0.5230461317382822
0.7846805860980263
0.34220743222439975
0.5853079054779993
-0.25384301084312794
-0.2781425525135697
-0.8141904202004604
-0.5394112591153777
1.6764420434905027
1.6338719378532784
-0.1480717650756695
-1.068379966743864
-1.3188781453125578
-1.1485731025034562
-0.6716910867691027
-0.759927604071934
-0.29109121732300736
0.06741790143663526
-0.40031959754436575
0.28392378189070905
-0.3513503916758354
-1.0318897212633529
-0.5694425489149535
1.4902094754657194
-0.5843904561039724
-2.320500598881134
-0.17071318445164094
-1.0146903524077524
0.16281438614123475
-0.5637399953641126
0.6334686892008929
-0.18317405347879342
-1.1549115209203196
0.28820157125138385
0.3220930380735849
-1.07500369087231
-1.0764983450690238
1.2326126501230643
0.28254572123727184
0.3896121491196527
-0.005583044026536224
-1.0115259990402938
-0.12795652026634655
1.2122737624084405
0.9997448777565767
2.346768208894573
1.3039464199049973
-1.1931428728522675
0.8033726551654218
-0.8364359160791706
0.1416306860941151
0.09924938957354767
0.3310236467888255
-0.41024990165434083
-1.8103506974926347
0.22729848077759288
-0.7621888185912641
-1.1151315253735314
0.752151777433293
0.5298949291333916
-0.052516150524110725
1.7535484001287887
-0.45248442270638467
0.2758013836883908
-0.7266385824829544
-0.390578226817142
1.2521347771708173
-1.336746433125164
1.5378203377397293
-2.2546631141510054
-0.9524981305845933
-2.1640734938594055
0.4468863195854317
-0.1306857667235226
0.2952633124355194
-0.230690035358537
0.08812399093883215
0.282587371456553
0.9360255652565317
1.131339659437706
-1.0358224210279914
0.7354128896772154
-0.04855503836350812
-0.24029332955400132
-1.2555990713770726
0.7158071795587154
1.0195420628890488
0.7421958161733004
-0.449383936007534
0.11789838624643763
0.2768965384605325
-1.9877145623910224
-1.323838978624835
0.39963674907901436
0.03914939769901822
-0.6756902024517806
-0.4213535659775756
-1.4987597421735555
-0.040840412313541546
0.4155300691004538
1.2098162623667084
-0.2487146708944523
-0.975221825090486
-0.74010647306372
-0.3724196537469925
-0.1875418625283902
-0.757219177978614
-0.09092053057889309
-0.16013540659465958
-0.9082246353536759
-1.0040125287502586
-1.4533470842148468
-0.4866559905630329
0.3843827199037591
0.35045081306076464
-0.19087581242199592
-0.7136591194177624
1.0356273348016174
0.9597713874396258
-0.12274548544650644
-0.5039299997641608
0.6455503311745943
-0.018762770214863205
0.15678989929527146
-0.7899290169271695
0.5772450969384597
1.8752161927926703
0.5157022747778
0.01873083386022239
1.1021522191933089
0.19648213330729125
-1.310782389377869
-1.9610344091115333
2.3925248401432198
-0.6423356365542717
-1.8794015851381474
1.0966606758652984
1.6721519723370555
-0.3730980689762752
-0.6083035817749504
1.1110122368341526
-0.4568286165824373
-0.6030058329084974
0.49998269422180064
-0.39551591893231597
-0.42904437860945205
-1.1183963184803112
-0.8113620516302789
0.14149218586382206
2.076754048022306
-0.6616629382913609
-0.5383017191344095
0.2646294289163743
1.74642005614368
1.8728401312714087
-0.13632185669125724
-0.5218783998543981
-0.044781855425743665
0.001994298474526653
0.9258412707728598
0.6003574807633777
0.386685599619321
-0.7712363375695741
-1.7962856180011009
-1.1341937932360293
-0.18826426006895616
0.3244813839375299
-1.1441913867889932
0.7508150319638284
0.6418054986210895
-0.4200569755086116
0.3724179299576718
0.7830245312460128
0.5371904853478159
1.0166438431002995
-1.6781972055723784
0.5922308572866247
-0.4436741200946493
-1.445035389646686
1.208520594798644
-0.7175612961149618
0.44817679466452837
0.09842904123051148
0.008088699218902089
0.3828781275577204
0.40267831674849686
-0.13564145608150469
0.12356303166633396
0.785069405982544
-0.1862764340505107
-0.29306535182786736
0.14964555562825582
-0.8818121088530085
0.9438920631545739
-1.123043726037526
1.6676596734644233
-0.7116251360849729
0.6585654341188052
-1.3688439692042118
-0.9332642708426764
1.1120973671402965
0.41440084760809487
-2.3858804892763366
0.9822021948726132
0.30017615844454154
-1.0832304749268682
-0.477370351742474
0.6541442498060999
-0.6899874543203687
-0.8284311868292922
0.028355422161017416
-1.050161969581046
1.367630888656556
0.013936294258149046
-0.04857217848622251
-0.05558464713601871
0.07646695038400252
0.8044297577295186
0.12205737886233707
0.6378559343156116
0.4469714585846478
-0.17664848073793646
1.2658999376542999
-1.2661213995203826
1.6271648323056525
1.7935887320718682
-1.1835897376467646
0.6947317618563351
1.9464939386631392
-0.3088718373408286
-0.5887497126948019
-0.3417423138874869
0.0043545081543023
-0.2634469930327618
0.9888588679886637
1.480877634256608
0.19333416990606603
-0.03618263519535941
0.6750452233820838
-0.6465742711509322
0.7164388506157551
-0.3883418273008365
-1.5063530681992447
0.1808953091259725
-0.09839726748841607
-0.24403796018650858
0.13290580467602614
0.7730615395304741
-0.48990496182292675
1.8133819033719603
-0.03044676228067877
-0.5345606210573638
-0.967339440994985
1.3473534492854575
1.2982508897577902
-0.1182681617977804
-0.33001334656018594
0.9786351930255641
-1.7031225686356262
0.7164786389207879
-2.857642724180612
0.14026011793938784
0.32456797152945627
0.01326473545400742
-0.85076961220241
-1.3014832559767382
-1.8277101336721469
-0.8855809545448899
0.7337384472355869
-0.5323881232795674
-2.818094424007656
-2.4611587243787185
0.8855051967371219
-0.5711542162468463
-0.14615199678735866
-0.08112987657465309
1.7387930702004002
-1.9588394881188609
0.8514393250185814
-0.7620706653558676
0.624231015251229
-0.5646397165919405
-0.030240211859264992
1.132039931891791
-1.8428883661671076
0.25678158490263203
0.06401211100945205
1.4861171001532125
0.19350301159844405
0.3426466485529805
-0.8845457307912933
-0.48612845015487144
1.3712046844007966
1.2437884437738884
-0.00315767613789836
-2.164226069110756
-1.2069652763269558
0.5809836707991888
0.6891428175404055
0.36015390485949167
-0.9570469485564113
-2.2670954391188722
0.30197770274779234
1.706921255689736
0.5647744091001632
-1.1087556854005407
0.3908002323838905
0.7526316475634066
0.5375238231333681
-1.8107003745141832
1.1017886156033865
0.41775741292141455
-0.22263757741336912
0.3274542211312831
-1.810513470419055
-0.07987030197862666
2.1445979866134355
1.5079917024981786
0.786463383537952
0.38035200045465944
-0.5590999940767729
-1.111370073958344
0.12182614468728327
1.6765692167018682
0.38868148787480894
0.11083934794355355
-2.546523228828408
2.3846550301220995
-1.2996139374811375
-0.6438345658167157
-0.7516938624106719
-1.9113172498983588
-1.567203127279838
-0.6220591349084147
0.33966431584464757
-0.12150877519387564
0.44656446306105296
1.0782376590990812
-1.2348215034439487
0.05076416708182979
0.7805313511989197
-0.09608483240563728
-0.9967145438027691
0.9385919879874892
0.8346298200671607
0.9851014638303714
1.8028211115725914
-0.6085223348917121
1.3414032936980154
-0.20447615049583104
-1.1345517967499976
0.7623289635713912
0.15017718046034478
0.3471984275713715
0.25850602402546785
-0.7132932277272899
-0.7649990896893111
-1.5465747565664894
2.6197860800717723
1.0654420450809687
0.05179222443182204
0.5305655406685472
0.022822940439588213
0.7869523657563732
1.8843764698889274
-0.7463775023944549
0.2773006230175559
0.10477034726373477
-1.3763184573051201
1.151931034318382
0.15608964247712576
0.2278210445674936
-3.1871686262529386
-0.9472547138453993
-1.0240702589757626
0.2505827989157692
0.05471481656072438
0.7623860554190737
1.3586332060066848
-1.3461231620827103
0.23532086968871024
0.7761385894364285
0.20055987166828776
-0.47053402389320925
0.04895740174730411
1.0667717873341453
-1.559451146664721
-1.2813535230340032
0.8863772472902685
-0.9262728846749622
2.3474335762004337
-0.048095780533284734
-0.8965741411830999
-0.8430107059505091
0.5261042838725282
0.4367948826897002
-0.0009171810722333039
-1.2920237632354041
1.1114959347590847
-0.31231746309722475
0.7502446196233445
1.000794614140789
-0.12307984869754482
-0.49179687089980445
-1.3747743082755568
0.9155163915542905
0.21175157870630879
-0.11646740865182864
-1.2458322234762957
-0.2671148699545654
-0.5311598120799211
-0.8504918731991101
-0.7449828008558071
0.17476275441597414
-0.4108767975564693
0.17763343102992574
1.4698697150309548
-0.9752007406040959
-1.29727800439677
-0.6887888269160934
-0.3457649306151267
0.193010261283417
1.1986596773776996
1.4424817592995354
-0.8367413178517166
-0.7713588255063009
-1.8139262028914998
-0.3701438735623029
-0.22050238049956433
-0.4634513026070442
0.15500871690576246
-1.1529866879754385
-0.22922062464004964
-0.7012461786868023
-1.9314366225231117
1.471768979029582
-1.3760032742241468
0.1804057873013891
0.21918356030877018
-0.4416056178237331
0.49622413581064906
-0.6615429362418477
-0.16708536105001637
-2.3470126088650667
0.20912388332985285
-2.028922617623524
0.2344407891019679
0.5165445313228995
0.9001369905376783
-0.824100289496796
-0.44959016404263447
-0.4196810441281252
-2.1986485348893763
1.3980154525764734
-0.387479244808897
-0.6510531064599159
1.598383282533942
-1.162116726542129
1.2348519331176586
-0.8855586014887045
-1.5049877883404554
1.1213955082930775
-0.14258391118932887
1.0306047620350307
-1.3608507689822416
-0.08098024968349653
-1.3926005803358175
0.035488550306298335
-0.0772939939929231
-0.33959000152930086
-0.21963476290104145
1.838171486155626
0.2545172702304757
-0.9544776832515997
0.2143077958690847
0.0270643493838617
2.5135790618815945
0.15154758139562313
2.0940892652999055
-0.34129822099264784
-0.2705932758908946
0.2731419969842669
-0.07470969587141671
-0.1525210542976285
-1.224134526326719
0.15929669596171578
-0.9725168267140193
-0.28415953085751516
-1.0562394672000617
-0.2545760881538885
-0.9360507726440565
0.7563035932476897
0.032862643049693406
0.33304893397207064
-0.2606532038503899
0.4589266168143222
-1.3655348599782375
1.4231051409184339
1.321732548625101
0.26599623145281603
-0.34139429841073454
1.1760223755390122
0.15130891218074638
-0.1219110082988192
-0.5448180769385744
0.0570518639290337
-0.30794431382343385
0.24285063890513575
-0.741973313374477
-0.36915851965828045
-0.6656309108143051
0.6717550994634951
-0.9132306229798628
1.6366300007473875
-0.451193060115921
-2.94457704795999
0.8398428636246723
0.6296417565979838
-1.7621481955546887
-1.0128733064789766
0.7103621286707569
0.683468219064542
-1.0318482112135832
-0.3473064167117672
-0.5799817530744351
-0.8939394584245551
1.2350941794475503
1.7496158797350927
-1.1687468135044126
0.8821364759531091
-2.0964645997832996
0.1493030101292684
0.06214963028623815
-2.135331517083355
0.7401239023458491
0.86655209719131
-0.013337279841720881
-0.5653189464528274
-0.07721576084845555
0.06570696717995847
-0.013055064530303499
0.9270265415458859
-0.5020644483644862
-1.0651164719041692
1.5154923303406533
1.1365726601740138
-0.6643282964302354
-0.9310827498451595
0.7366271021253298
0.1305768861331335
1.264393674481823
-0.1784623522687452
-0.06322072727875565
0.12831069644409485
0.8988598173740662
1.9305966480323875
-0.9181930672817855
0.0006532070373337695
-1.2227350895604592
1.0667948305987522
1.750615006531054
-1.702545463339927
0.005068330989221284
-1.1151065505239368
-1.7259825491947487
0.22982463934301475
-2.617206800631736
0.7813458234921558
-0.6690724498089758
-0.30881854430115385
1.001345754220294
1.2411165850451016
-0.02603346437684786
-1.0638843480199365
0.9443052332139124
-1.2285075073365972
-0.7863858071339381
-0.38584213759932023
-0.4071205574068868
-0.5434004585635251
0.3169881297056435
-0.7894280735163818
1.8513074713478137
0.17453621174508957
-0.2221330723268919
-1.3933550925963065
1.8212990785804006
1.6081408459363233
-0.06251331484041107
-0.7590604893998427
0.5234249322960041
0.43017628001097197
0.9728949697200334
0.6828414556159863
-1.1964806289812793
-1.1501174491157384
0.47832914742070376
-0.39533566018342053
-0.21475714273825627
0.9832304320858042
1.0209839646476788
-0.08968394966576883
0.6818147353011482
-1.723009437726366
0.05389413113550682
-0.7217043659457024
0.7155955580569643
1.8880219097536655
-0.5045198300808934
-1.0480101310037901
1.5678581532030915
1.9745786995144954
0.3203697173313974
1.5929106843777718
0.5916385849802237
0.6555332458667579
-0.11006735624154769
0.9301497183701725
-0.38813429940482275
0.3578485319724343
0.5109302036881938
-1.5424950980094112
-0.0810477208299017
-0.8426603898122941
0.5619928229451545
-1.5806954823932167
1.0186909420381225
-1.0909530744825047
-2.1179304575906825
-1.0515465621492608
1.8191278808665603
1.6700839187309704
0.5245222133208924
-0.02423697165890068
0.6526267747892585
-0.2683304752757036
1.5691175587226565
0.15491636318966628
0.43070691138234135
-0.06819102196258142
-0.45388656495387875
-1.2719366886839452
0.701945447272459
-0.4951954943864372
-0.43823505151270636
0.8958271380710278
-1.2792157071661043
-0.46238365467488657
0.2989440518374811
-0.11303179966078884
0.5448026994883534
0.5286502836375082
1.0136812426308306
-1.6507997587971543
0.1843182939746607
0.035036683680142025
1.6445440003132066
0.14637899194474113
-2.1605141519650894
0.040697040392738325
0.8814993062394245
-1.2380516537101323
-1.9414401221133442
1.0755213831779007
0.6985182986906588
-0.3715662911515516
0.11466676802878434
0.7554735780538208
-0.22230371258457254
-1.88288058452589
1.1800232912301476
0.18060711749885772
-0.8954027490446812
-0.8699927406477092
0.2067521442685537
-0.2637953518293869
-1.6848869127877777
-1.0766414413825507
-0.3295209770584301
1.8958972803966736
-1.041089067177017
-1.254099700750366
-0.6578586286674939
0.7218390350172017
-0.5066753503509446
-0.2007288622501608
-0.24367596225860838
0.49937974988272016
0.7895298077737065
2.28069586911943
0.4672712341612372
0.8555608514642958
-1.2845206857823772
0.3394413907736539
0.5561967267307781
-0.4643572861388617
-0.732541944738203
0.31359451559861723
-0.48730357363996624
0.9232728429294561
-0.5835179272073272
0.565162323108168
0.6854713067174966
-0.8965261584652836
-1.0441056190170277
-0.3962891859368711
1.371126922154234
-0.7099090067569956
-0.5597489816661355
-1.0503348048098071
-0.10197167235505121
1.3761747797157489
2.3543235038616506
-0.27505163526321713
0.00832373550893671
1.7495602202831573
0.2574842340480556
0.006293714576819022
-0.023986547301976566
-0.38455635928285903
-0.26567741576569387
-1.2505984913412653
-0.8489487429287778
-0.2864100757133627
-0.4488692665162438
-0.7827181838409932
-0.032988734152472915
0.09781711230470443
-0.323609382124835
-0.6718551474856448
-3.4403972015697732
1.4347134235911598
-1.1903146192968472
-1.720802780521082
0.7644195237585193
-0.31083828898960236
0.8101651850390154
0.3849799551098171
0.3771565112313133
-1.3315235974966524
1.188383030564323
0.30810313455905586
-0.05634705702639918
-0.749270244652854
-0.4920520020126608
0.09681774965740517
-1.9771435250365301
0.04328465650501011
-0.05919525436910036
0.9190457421989692
-0.7611010511309741
-0.2140151365755315
-0.6703896174109508
-0.7321925574185688
-1.102179200674624
1.170323884095117
0.3805355253775219
0.5556682662808102
-0.12047391738748897
-1.0681379905383808
0.3392236036092882
-0.8789708952702552
1.0318250151054316
1.511848778520884
-0.5757176716463734
-1.280559962508299
0.5414046320960615
-0.5372631318439074
-0.5383297280131102
1.0597591082890905
-0.03955158865732361
0.33645299911761034
0.5419051235316328
2.0034700940217562
-0.020683549151885878
0.5184511133869025
-1.3104852565802023
0.762232049531303
-0.2879253273446133
1.1192683232020355
-0.6261861439907869
-1.596480322323177
-0.6112558399032507
0.23972075701293266
1.2899854578482266
1.7438898662117097
2.266038522984072
0.9320448731940127
-1.082315768745393
-0.7628680746528732
-0.8624295275473494
0.036363121035570656
-0.8021788447772266
0.5380804245793102
0.6900047335666053
-0.16731408110406445
0.3106767921746482
0.31776418677846485
-1.3608920549157801
-0.9770926753580865
0.06712079646769681
0.13130334722128545
0.8299223375947304
0.23289836568025482
1.9845520358018298
-0.35881401771659327
-0.5725036383821775
0.3966655201734186
0.7913405661958005
-0.44862702170170826
-0.5282295453706796
-1.0242378180411909
-1.0170149818785112
-0.3038710428105544
1.1249557543405484
1.596283354635891
0.3008680473233894
-0.5837504329489991
0.3989105076858286
-0.28614743775170387
0.8318236647603713
2.563681617261126
1.759931683507202
0.2317257930578083
-0.3421510315809122
0.49825318178066635
0.14452998299364622
0.868367423075195
1.330112275601434
0.10482038445707342
0.6899064834783252
-1.237258139091657
-1.109802485473432
0.4279493413754155
-1.82566441711949
0.293113713408394
-1.2104619980817963
0.19047088401274126
-0.31467354941127235
-1.5919429166688623
-0.39664930147304733
-0.15194121942574007
-0.04014426609030872
-1.3930381640166751
-0.6780653597843536
0.22018447784833134
0.33905554899056073
0.2566018580160293
-2.182063211458399
-0.4839806554612535
-0.9940450300253941
0.35840057429176914
0.05847390954474119
0.9479431058485024
-0.523247019505171
0.49275503309503804
-0.4926196131693996
-0.0004585100257297938
-0.16163552156071256
0.5601100132041171
0.17233763746170727
0.5091275143358407
-0.40595758933479925
-2.4062799142248004
-1.3978128767136344
1.638668184971274
1.723923312911973
1.5719949892939724
1.3929269859975186
-0.3159471354171653
0.4741107583425914
-0.3648450932569445
0.5243516224153836
-1.782004606758389
-1.0232042208648622
1.1749414452024807
0.741881815049686
-0.38253017852411136
-0.955212803489459
1.2186973951568758
0.9313187705353132
0.1701370295387577
0.4052646247782012
1.7602417563606088
1.7524629100558728
0.6976676977410474
-1.4158149618571891
-0.08683221491564683
-0.017971028773099806
1.2298548633395008
1.1887700942509023
-1.5234204888741694
1.027099549421848
-0.7651273878975019
-0.7918191389888548
-0.5969703627099987
-0.23909733108677816
0.31780029286503997
0.3112051884499812
0.5525048639972182
-0.28979238010761105
0.5502406845834655
-0.18753859459056832
0.5255520884561787
-0.3038407798203399
0.9474786193442565
-1.0000672205252434
0.24666083528369737
-0.06397765756141664
-0.5451785392096243
0.6350322439745989
-0.21683963084454036
-0.4660066910968977
-0.8328754260628327
0.9631915800557873
-0.32531192017900507
-1.2921412952672209
0.06472859074810947
1.2983399666414486
-0.8258302381975509
-0.9639173318774398
-0.18415001380343077
0.29636834511633203
0.39075540382657625
0.15007757248324932
-0.5664535106534291
0.19695742113323542
1.4678271169952093
-0.4007089557467427
1.8828139131148678
-2.150970185850348
-0.5495663014958756
2.013479179548964
1.7229080580195926
-0.087466584180695
2.1185647428774272
-0.34585226990515794
0.8323418046337395
1.2939596905164894
-0.3799855639643068
-1.0868620147761996
-0.1318485009778341
-3.6203035792936777
-0.8125670205575867
-0.009846819347260881
0.031643239579424075
0.38656526574335476
1.8155584526889497
-0.17884718471713756
0.06969796844540785
0.058036006569401055
1.1987517316700373
-0.02960454830356854
0.9823987431281425
1.2953242399677134
0.3186907880321982
-0.7127503494491969
0.4263138393449696
-0.8027875280017548
-0.21114293415981478
-1.4867997336801215
-1.2369462830112967
-0.17476056440350915
-1.2215163506306759
-2.070425835945925
-0.5161326359496583
-1.575774729930377
-0.6708552619920101
-0.5807123992943506
-1.062199938844011
-0.1146144479288948
-0.3510697094287498
-0.21796525597498315
0.07146905297008095
-0.468382115979046
0.5498241973630579
-0.39503825034766277
0.261463132157334
0.34735516964087093
-0.9898429374174484
1.9020502000311326
0.2635583444817108
-0.6234000670643476
0.19096732453791035
0.021876549230225494
-1.086025154960158
-0.14518294503027268
-2.132478811187548
-1.1540662822706724
-0.5096827028663109
-1.0693538113937646
-1.3461196870890202
-1.1869422059464985
1.3036814323584236
-1.3299702658965564
0.49545364255887214
0.4441105896650824
-1.0162859702888412
-0.32078751683021056
-0.2759214590727151
0.5467352735708236
-1.2612930636782542
0.06551710359135463
0.48906648173479456
0.5275279532553543
-0.9643977862129531
0.4844049900907338
0.4084368707130739
0.3068499018445161
1.3093883321734712
-0.2696316728096353
-0.41676751993720695
1.7020935058587223
0.6244473704563368
-1.048760981490734
0.1270956835414919
-0.08261443690065802
-0.5213514420242746
1.123011395837932
1.06105115408052
0.06560172750633375
0.501166088788136
-1.737038322153304
0.015327970235574946
0.8349912601409613
-0.9955947786391598
0.7663445949647655
-0.7533881296258796
-0.4332358787734117
-0.5371843568126057
-1.4809864214447348
-0.3100827125391274
-1.031131204038201
0.6898417442870278
-0.8175767069929242
-0.2487526977554829
0.5293020037936709
-1.3611517143071439
0.7473143273493386
-0.20824495206532156
1.8496480867589162
-0.525669893083324
-0.6857267349810856
0.44332320324590796
0.6903564547355747
1.4776014317487345
-0.820527067604595
-2.4483740821609232
-0.10063496398425473
-1.2796367156559738
-0.48139797485191016
0.09310510972894759
-0.4887458954002035
0.23861318294901132
0.8214170955744563
-0.4614248147780241
1.6619953655609114
-0.3481425579307029
-1.2914642087123602
0.2572961079671727
1.5283534043227658
0.2917555187624336
0.07838727809262154
1.0148634972292139
0.20098475657752754
-2.1075698784722827
0.1844990707580001
1.029319471397663
-0.943597022584842
1.3539350231587866
1.2537847656682228
0.994772840251997
-0.7150292914938676
-0.7922999600871937
1.4253438784724606
-0.16720543838261961
-0.30797285056397183
-0.49831065483574866
0.20705710886118062
1.865584018068866
1.1897120169844737
-0.874277295007295
-0.14070836671051312
-0.4177480217639274
-0.5058312887174334
-0.7593030998522041
0.49062788246503847
-0.13424287059174572
0.9621774034621691
1.4036551401435198
-0.7395970431297619
-0.6359510235142952
0.5399542151000819
0.7127638404836415
0.17627617626731487
1.6003376130704594
1.3766720220793576
0.9295252988768414
-1.966940388890527
-1.1248728347945491
0.16414273523658354
-1.3270568264276488
-0.1344183952791907
-0.1512800534720871
-0.6964830048878108
0.4493912449041054
-0.4805856138681258
0.7560955603874766
0.3755720852490449
0.255504363711694
-0.5397241800198137
-1.2389989144270925
-0.6932406552048296
0.577412142793954
0.7528005500280884
-1.0123729278410594
0.08413308208805209
-0.09132057276931127
-0.38576245153547617
0.3811525832872725
-0.8348251099587534
1.757520511781318
0.7473701226414531
1.1743109683953519
-1.5520311599819734
1.2424587735776327
-0.1483337862411942
-0.9771924737345333
1.6428350812067791
0.26242079247030997
0.5875513839603596
0.017389681102795908
-0.5915072742725721
0.3866381640739762
1.4574082797663235
-0.14998717206312512
-0.17890903009903983
-0.8306342314249067
-2.584335126389977
-1.3887759093712426
-0.4165969494279778
-0.22950752212434355
2.350462250065538
1.266001528665389
0.5870186797235571
-1.2415254210609616
0.6202676212241854
-0.4187499424744333
-1.2714489079901972
1.2708840360490528
-0.35550077980880007
-0.15851975164806803
-0.8002066022392139
1.4966651434509635
0.026079819667246873
0.21739934351896928
-1.9166346028983616
0.9771180306154074
0.7639029137124447
-1.8219500766562657
1.194182192185154
0.8565706291410161
0.043841101697636796
-2.7957106852979066
-0.3709866526760188
-0.39072152053060577
-0.15670530959205686
0.21351962917819622
-0.09570879282684006
1.9587637516047607
-0.3293159202935236
-1.1052320391031298
-0.1147155052375932
0.2883796869367133
0.3232908138160055
0.13468979257659924
-0.11993984443600521
-0.19248001514183669
0.2538400523108602
-0.6111238805431085
0.07902749484238476
-0.00999970815559226
-1.265051013037625
-1.7979105974573002
-0.15370718347319964
-1.6099085927149754
-0.9552511023637044
0.10045012247490522
0.32729467436462983
-1.2905706642201176
-0.4035661533775231
0.5297276241512496
-0.38643249845331096
-0.2156866531474997
-0.11528204948889237
0.4659469218883973
-1.873506699465787
-0.995803753513756
0.25392556730911
-0.8725807292986943
1.8325984592511813
-0.5258165289157467
0.0022518185142926346
-0.5852439329947317
-0.8205395730870967
-0.6695249434613885
-0.3607233013908927
0.8658832148871163
0.6913370165540821
1.2318715505213351
0.21345570083678875
0.12166272363085379
-1.092436338324873
0.02191537380183545
0.4676614737400614
0.16903075520500227
-0.02702607939462134
0.4138780253772407
1.094818654168121
-0.5613006155575464
0.5685207169334956
-1.1114725843183624
-0.6141030398103844
-0.4454636650914519
0.0992856357409592
0.06733478130482738
-0.6640049072937211
-0.14996347868524204
-1.2354587550283413
0.133689228563828
0.11950997555636667
-1.410569408478972
-0.15736977765727755
-0.5140128097577118
0.26188835761483553
0.5923451741306979
-1.7436612217171272
0.4842392226449899
-1.6877471782630702
-0.4466251206148514
-0.21435247723116363
0.2564462379693544
1.9551685468691697
1.4065810142977944
0.18444350002903329
0.7884601449111884
0.8058930037333578
0.6457433142228397
-1.028170394922846
0.4585108253085572
0.4489523179648474
0.797929746233175
-0.6196293765350708
-0.47395707626966666
-0.5254329218033713
1.7697317900623761
0.5133855409726291
0.029069531608170152
0.4476558888299452
0.5116184992506756
-0.11678844858366369
-1.3533552244414786
-1.013262426703297
0.6684344356144291
-0.24550292495102044
1.7407747227191728
-0.5078313411749508
-0.3711059225573748
-1.4181170243221313
1.2747079517119833
0.7209179731157621
0.5418482747898004
-2.0747211683156683
0.057390335964068305
0.2885461631755754
0.34628587944913247
0.331106397266197
-0.5163296881582334
-0.16664642072454675
1.5717074250295853
-0.8833437504844671
0.19281868451512937
1.9982675140497153
1.8320851431670895
-0.5147802479307088
0.9497060766628482
0.6395487029672866
0.3937772316412832
-0.2142589143230599
0.3952798543099033
0.2649557239798238
2.3278871837479267
-0.7889257444055751
0.25449697218886314
1.0500893310935169
0.9832474897347128
2.8095044029163554
-0.5507997276437021
-0.732429435151884
0.17403674570433306
0.43158283215712046
-1.5944958217190688
-0.18914294736187806
-0.4333812395853298
-1.269785715452179
1.1514382418534077
0.22255641930161407
-0.7845979162822143
1.0302611492639533
-0.17144878827538218
1.2957660736800933
-2.0011141302000217
-1.7672722238898528
-1.3561049505646259
-0.9842001251592958
0.8949777127958453
0.06788756796918588
0.07982062656773646
-1.0645689500967976
1.0074708267519936
-0.9449262724231577
-1.0155199496582272
-0.13173515586155532
-0.04855357322408393
0.48002308252799814
-0.034546281557026014
-2.4763678588079334
-1.3436330745064526
0.704366160943078
1.3308917322779914
-0.35513928964873764
-0.22832536656525365
-0.334712735033599
-0.9027284418956173
0.5669951515084412
-0.8240361651648709
0.8256539413260123
-2.25549820394675
-0.5654448988747028
1.0202730237906714
0.47076524401286285
1.6213643876124169
0.15876997576361485
0.9071226001674129
0.5517705882432411
0.6511446204568611
0.011869920290969364
-0.23100799941934458
-0.21899415894996227
0.9789117446139614
0.19043292478802418
-0.30427269447084954
0.48681116952681736
-0.11109799191963793
0.6552807321725931
-0.07037042203501433
-0.36811567241595045
-0.6049933520651604
0.9797256847681247
0.3193036900803366
0.28753345534996183
-0.5270863018129716
-1.0837537617558337
0.03685714061720784
0.32650860971063167
0.7281234818244269
1.103836996184007
0.6877778533664946
1.5016911475551478
0.9776941573235624
0.7389593959952532
2.471218916963205
1.0483029184190307
0.8154377307303718
0.5593079329117039
1.3708603495968064
1.2665599513373589
1.6441212252751551
0.029115972256611417
0.09850883578924052
1.9519352630310212
1.108076806481218
-2.2373796952017186
-0.117713704742289
-1.0269786898730073
0.2357800285190366
0.6626253420234061
-1.4893274109017316
1.2891695949361235
1.3334749849773087
-1.6252288003319937
0.9491951776105807
-0.24420739597536903
-0.19968848995636745
2.225631469720868
0.15328436359880118
-0.6780470629248728
-0.3906180032570435
0.16076809094016908
-1.8964850307800991
-0.47659595073169425
0.7130819988506892
1.9234762391835893
-0.11023691483282987
-0.7765171069939264
1.4481961240759855
-0.5536248546306353
-0.1582488304970411
0.5079223377794657
0.1303371079056977
-0.22703382942878805
-0.3659036446567532
0.28683911430904263
0.0008217131785995711
0.6560716524587452
-0.5669471490198975
0.7279859364401274
0.6184696661394837
-0.40946683248425825
0.3607574387719666
-2.440826849790694
1.8810211175811475
-0.9474135387407889
-1.798445265797444
0.3528351080988354
0.46258754675520153
1.0265093932370233
-0.8439866550796955
0.8821388304713681
-0.10949442354386497
0.8351618463092323
-0.1361693488187801
-2.33787760208432
0.06402436814304895
-0.16258866137265818
-1.0960070926287453
-0.5415040905601445
1.1987564536958855
-1.279181626215275
0.26133052745579916
1.3387451143973321
1.8967190529133826
2.0045049933238492
1.4841884750941972
-0.6875850223514662
-0.7889503471305661
0.9279864386959029
0.23928564264114127
0.7355742193186154
-0.09236098732505735
0.369448897460026
-0.9194204644951094
0.10179679137901854
0.8214565219366562
0.2583325514980587
-1.184137046808209
1.4783950958294263
1.4358059593868844
-0.46170164210611064
1.3532060307854696
-0.10672160585649808
0.8343516900190062
0.9409349152898245
-0.9522514706343116
-1.0820454139708957
-2.1991111459195425
-2.162934739319118
0.007955537429513548
1.3157526012767256
1.454186807067945
0.7841892471259418
-1.0750464133715982
-0.6730953898361683
0.796953888601627
-0.4048442898150945
0.7300949720744553
-0.02692448056840674
-1.1339281175396838
-0.9527785091042923
0.3033830070338096
0.4662683001097143
-1.9459100219046461
-1.5955727559244262
0.9066372734960431
0.06731576920932829
0.06703304985913386
-0.1776125655553399
-0.11698728622874122
-0.23441589665461704
0.6359725184522791
0.002406019180530334
-0.6366944467612571
-0.32514267486218645
-0.75564336718546
-0.2221881368935459
0.5000327554848525
0.23915360495623084
-1.9413576418102572
1.399825712570342
1.080626345775766
-0.7613682708217447
2.140172788263089
2.378868426547097
-0.28044821117560215
-1.140790588166367
0.2178041649965466
-0.63575248092919
-1.005835475352375
-0.9874695070463942
0.5100950229991565
-0.881244408753388
0.7502911715103333
1.5969040878131182
-1.031322064425675
-0.5772956182533898
0.4920476945996935
0.26783547740421676
1.0649145519504022
-0.9661453372129645
-1.0662395958799207
-0.1840021511639011
-0.47126854736094753
-1.3794386345007408
0.9629497936904822
-1.5525583592945174
1.2496314682126333
-1.552380520483789
-0.12996904529049855
-0.5729894626027271
-0.7472878710406616
-0.2898554306135738
-0.9372983992257836
0.9157797710579193
0.43959337457899866
0.4886898407035226
0.5551127631831774
0.08252810102823323
-1.9310046147519317
0.4622644284747483
2.094806381647475
0.4590353945262949
-0.5209215801298996
-0.13406223012935534
1.0561929458402592
-1.2382386408346975
0.41263939042167586
-0.6943859681627166
0.20649887107261067
-0.7027038988635695
-1.779687456821261
-0.9424524978912064
0.34805885664981606
0.6357941623274767
0.04533610271924111
-0.22821515230815853
-1.2155362247045207
2.513672596983998
0.7426096812992454
-0.8390406615437453
-1.0873876344349007
0.3890508006017973
0.9345359638105131
1.4161291200357875
0.25409922130523627
0.48129778269310647
0.46034482479950656
0.24268306955504856
0.9379205381475915
1.3524023949336361
0.5251123456926133
-0.3598078561754043
0.7497586020690844
0.16274273689792831
0.8751852165813023
1.2150087743763232
0.5839075425918513
0.06681598960640982
-1.7226890700015833
0.12548497728906916
0.9854296811666118
0.2612449927349312
-0.2034315174259505
0.7309389766208075
-0.2509935631238033
-1.01465146395094
0.17189330215416387
0.7516944738523703
0.03153661572898695
-0.19164619352490028
-0.07258279417408563
-0.1522242295938276
0.12682633481910427
-0.3759166138676047
0.6210834537962223
-0.05746980691563064
0.44877264815025897
-1.9759644452111873
0.9987563148193761
0.11724975478441259
-0.7735054583895539
-0.7962362651478551
-1.2193569480957378
1.8063126137474699
-0.30610688532615804
1.2650346475678789
-1.221671380003484
1.1104730707616102
0.48345837907132205
-0.1375308397858905
0.843468529504931
0.6066008269316742
-2.2566423848109585
0.4780302886628777
-2.2060338102593677
0.5701959997575735
0.6752949781069385
0.005489923613104005
-1.0378118875446833
-0.6237653915784781
0.23483456916312184
-1.0601582115692232
-1.7502033150421876
-0.2783484304803645
0.30778699143373733
-0.08478910719181222
2.769238183666942
-0.13460848734028388
-0.4460641132499001
-0.8522788816093664
0.8316537475494036
-0.1489246762698224
2.201819354486514
-0.7357182438538843
-0.20544462399922056
0.7376368692277966
0.3837288051268125
-0.005630761056193546
0.18445465121768786
1.0238988771283972
0.5178405763822851
-0.2571101845016771
0.8674621567007211
1.8149068422985812
1.3543763816849481
0.8309589515165667
-0.2808398309001057
1.88666910449427
-1.8215922574081393
-2.2052757145452544
-1.562776257253421
-1.599728180539256
-0.3373778709829053
-0.44001016313372876
-0.8415271181640972
1.3240280244906368
1.3561884506000053
1.3116316232090968
0.3915313621881397
-0.07124906315380593
1.14828385517658
-1.090912894684411
-0.3505844503235717
0.02758156611059807
0.3963812489855737
0.06330840082205749
0.011757713337476026
-0.33267051645836354
0.3463776552786747
0.062036919399639685
-0.8669456562736774
1.2344896882930674
-0.9711322490328693
-1.6366365533031062
0.09778478895074552
0.6572951009393798
2.3517822521210063
0.3628082348327172
-1.384808476733379
1.3355988722730963
0.2470923747306217
0.9591584190143918
-0.6895219941787241
-0.958686216156613
0.8237517666443426
1.5399487346142233
0.030693084635281094
0.7288267693605799
1.9574832701076013
0.1689814217625208
-1.1630783956892992
-0.6834698806506759
1.046214884202776
-2.045219903065396
0.9671648214190849
0.6313547282225042
-0.350680915388923
-0.016549167126053886
0.4681892404254397
-0.21730502099112525
0.4808267610968253
-1.9894570156579579
-0.15458424995291448
0.9091916984657883
1.6612672001561433
-1.0152386065670136
-1.039769257481089
-0.025080075846445126
0.16539396546929028
-0.7472655367812362
1.8702191042466623
-0.09316709185128762
-1.0102684813740408
-0.6441851986708297
0.5824187977590836
0.6333151640735335
-0.7955082555831843
1.4568102279738426
0.2394126657194077
0.17834441928100103
-1.047202902973688
-0.875960842708404
0.3098234132098173
-1.5602323950899457
1.1741032621924088
-1.6926933646336504
-0.5168857008382116
0.06798367137495662
1.1428023495813768
-1.532236243707024
0.3814571731060824
-0.2447586175593974
0.3319860099680578
-1.0857768489098982
0.28730020131915057
-0.2378510712767714
1.0753470266293192
1.607506800375775
0.1813207946364483
-0.30344899175886114
0.6475216440667244
0.9814371576710899
-0.053733600311302414
1.530424850472417
-0.6028908420582925
1.1557579086757945
-0.9505594104974728
-0.8573157468516698
0.03315179660933271
0.3303127177102666
0.5385079800989123
-0.13151870434676544
1.3329657685359293
0.05892919900944474
-0.09028844798001548
1.1400302041476311
-0.4020835832492776
0.030442888208317292
0.6578871106212237
1.171737085506205
-0.12587437044778071
-0.3803046243366949
1.461666401759627
0.5281126032200276
0.9336325242609934
-1.3778992553758524
0.21186173829216667
-0.27406099757270236
-0.0039391395196825465
-0.13425894773671365
-0.07266501962872006
-0.15423326287064337
-0.6604916236303836
-0.6371991692239543
-0.8309292290565764
-0.0891329652843525
0.0009551702326325263
-0.9616014021766882
-0.6580097253454765
1.7026992793374085
-1.7298205906906585
0.08109716133061397
-1.0887294220553474
0.8824993830902937
-0.6909766753862604
-0.23231535015543464
0.7800882892440609
-1.0963726688289053
-1.3911802302933898
-1.2045012444091254
-0.9934101735879916
0.5083248657902427
0.2114650808608615
-1.29198780645091
1.1807002734660978
-0.3799646347033417
-1.5256912654132107
0.18658790683343524
1.796170597762765
1.0752079715708025
-1.278607423137879
-0.4022881343889421
-0.3920345527640407
-0.304670275957049
-0.7124940837135495
-0.05805611163628812
0.6626940648846612
-1.3987113420550896
-0.788606365351074
-0.7490212047484598
-0.834889562520019
-0.9503626071764681
0.05572702767826671
-0.5058727968342678
-0.42372536428430996
-0.5156786878277279
0.8380794827474629
-0.4438665804798675
0.21671196632887063
1.2084277362598106
-0.7771502160729087
-0.5344791512047001
0.27474311388410744
-0.5076161542535382
0.7880340813147758
-0.8610192410556227
1.860460461961532
0.9023740877555219
0.11574163837407771
-1.3047895700754941
3.3461040592314384
0.6878519264177699
0.45580928468558
1.3510984522939842
0.7135991092427832
-0.8217326622256331
0.19042312385193805
-0.19929852186016794
-0.12708397918473896
-0.7503650780445552
2.3487922391733
0.3796025038955626
0.22710873536674775
0.5907561154067269
-2.087329225015234
-1.476849029799339
0.664855245493589
-1.42367333935512
-0.6112526440114976
0.2073818485898505
-0.15834808430286712
0.13306455756214386
-1.2640734084929872
0.36137428065007365
0.07698462400710708
-0.017385941230569954
1.0571471012856073
-1.0560311092720154
-0.3512835771187275
-0.24098781337810385
-0.4508491145540106
0.6950934896023987
-0.12628855199115477
-1.0790823364997464
-0.0393339942305419
-0.7870452497360384
-1.2113734012491166
1.9331459433528886
-0.9615331778667987
-0.0434281479170402
1.0927959014068434
-0.6756526724179553
0.00044622955740913884
-2.206598417855092
0.6875073542626537
-0.5846788647251264
0.5996832208541182
0.19879708660163734
-0.0018525354846031193
0.4563095736848251
0.23324332146059426
1.5610362625511516
-0.4425205994942348
-0.46710911072647415
0.5669768412157017
-0.8087098967306385
-1.2196041091184997
0.3554073751521304
-1.6174762696196725
1.1676179888272058
-0.18449986667690735
0.5127304026786638
0.2730551321750075
-0.4629520120702963
0.9208250592389022
0.07277859152901113
0.7181164093064434
-1.6734905765984107
-0.6335637316360464
1.262033311902731
1.8020239385406518
-0.3004624173887092
-0.10744272130035833
-0.6358099918751033
-0.0021265872568829525
-0.5264087784626097
-0.4645603125407856
-0.7726014545088594
0.5634065033964079
0.5431312661649456
-1.24828447065274
-0.8739764685361301
-0.4417596317797664
-0.27390558816585847
-0.3046063233625265
0.8377272438972745
-0.6431425741925679
0.040766113166480954
-0.1305848521812227
0.6032529707562261
1.9811465190502038
-0.7324056709164772
0.22913538709343315
0.6222666652270987
-0.17570137047294593
0.4218610361486698
1.1109826892573258
0.14217996425286447
-0.3918365401090417
2.2700248515399144
1.46810007778058
-1.0907832003115083
-1.391399015699093
0.8133851765318834
-0.7265891824911589
2.028670290333035
-0.9984523162819364
-0.42213594503637764
-0.7488643474293045
-0.41677934214363965
-0.7723775890259807
0.383993550595986
-1.393897217660228
-2.2215489708650265
1.7923982840670727
-1.8112980840196242
-0.6221446492903452
-0.20371845018427112
-0.1782296093867954
0.2199955560512077
0.6110065918831707
-0.34166115592627666
-0.21164753893247631
1.0096717120774186
0.5864284902996856
-0.47570954649009917
-0.4228332296826183
-0.07940342344801636
1.2880420352087103
0.08410251423742075
-0.7081250928278296
0.005905240910425597
-0.5193192844888165
0.1556027848366666
1.3614276661365383
0.33194433939898527
-0.4525950164713458
-0.633826813378337
-1.0459493431570865
0.47702538773068454
-0.2556196806847839
0.8496044810099342
0.4580765547965544
0.863734209812501
1.9423619229944822
-1.0895264660971222
-0.6643729193423904
1.9452387101889503
-0.18967456390008525
-2.403933392557986
1.0688337477358616
-0.7822019574675912
1.139457155174978
1.095684502487244
-0.6305592564015663
0.1650513042230285
1.5348725494660047
1.584185876600788
0.681473207569705
0.9323280773669181
1.0059611505890742
0.6188785719458346
-0.43411507378107317
0.9317220942518406
-0.4728911942097753
-1.521982634282806
-0.16018446696850308
0.930965834754587
0.05860453935181741
-0.6209307113211151
0.35559159211513947
-0.19641913117757728
0.3430691122060399
0.4977619501184936
0.48134802925794573
1.7965334701203857
1.9333692920066048
0.9001010572629534
-0.54421100118576
0.4675020556650692
0.20200656891934718
-1.0369912992623016
1.0390018488470183
0.2880858760274114
-0.1858852510105267
-1.8119773520723725
0.4974343701487405
-1.2978593520522217
-1.0275316351593116
1.2744472717055577
0.19224103446445356
0.1849217905066927
-0.5319615549909972
0.421096222152064
0.2232543546899859
-1.1150378865894175
-0.228737225389441
-0.8615035790740304
-0.8005543939157763
-0.15633538291507687
0.5152532983616265
0.3099006963492257
-0.3579145895803553
0.8664687507333484
0.1139889293439724
-1.4340007124589407
-0.7643934438256218
0.4730101952601651
0.03728854204263564
-1.517458991492517
0.48261620939067634
1.731321888525856
-2.202103864985673
-0.657635725106783
0.13718400625541594
0.39824637440037713
-0.2865965179393836
1.047483123601912
-1.679857198406935
0.013259223939287162
2.0391831007859236
-0.38956331832082197
0.07599716173252914
0.2457009985517808
0.6384518938670734
-0.3209771309472454
-0.00742594561176313
-0.767335667815524
0.551351407367986
0.5606373566287364
0.02256885492219208
0.34464771171696196
2.480390246826792
-0.5850708724731031
-0.6518658860048212
-1.167275429083403
-1.4627711940131225
-1.6614261141511282
0.36062207309956185
-0.5399901833122654
-0.8055012835862605
-0.8996010117174118
-1.0128548215269475
-0.2809176860873239
0.614100617544071
-2.0313343075864068
0.37514515569866447
-0.0822335543182947
0.2831916988322687
-2.537969806572545
0.2941683141655501
-0.16642628048907446
-0.6506004845363565
-0.5766390638047919
-0.05429238630536524
-0.675920176748699
0.37961685169811904
-0.07859595283589442
-0.34787564389220127
1.513628818640803
3.377147917210349
0.19666417698392072
-0.9809636229883343
-0.4391806367138321
1.1116406648171024
1.4289885389373498
1.668284487917458
-0.9867780948275074
-0.6283644352319971
2.2876658393205007
0.9038905013868037
0.7042659270347225
0.6866664845976709
1.0431927658336586
0.4352760989284616
0.3399387766351919
-1.221821593449612
0.7058395961416578
1.8686606753166577
0.6537899870191548
2.109232435319433
0.24435640335844785
0.8891611589792748
1.5550257581965
0.20622127901423265
0.9115472489622106
-0.5189687383362883
1.6006922983163474
-1.1178118844830571
0.6608729707064366
0.09435855532113704
-1.1477347798961817
-0.6434362562176593
-0.9387783428751287
-0.8396227217318126
-0.29708198751205583
0.6234135995285145
-0.9350001516573969
0.2887058892391443
-0.27350445403823026
-0.5815631417822881
-0.49055264690996425
-0.7248222519299018
-0.4297788980975214
-0.28076431641286675
-1.1256328798222375
-0.4806240393873281
-1.4988643804656712
-1.5029944100770576
1.569537108318175
-0.18655332907643338
0.021891821235549096
-0.18237626725984588
0.32698856077744665
-0.8020039669750721
-1.885956662159636
0.2221799139214523
-0.15834530375119507
0.3549429648776348
0.6038768615913177
-0.7171874738841255
-1.2109684374862268
-1.5522108815610496
0.02119137582286259
0.30544858570682426
0.6350917124062788
-0.5732673227743733
-0.647704585742611
1.4700525069521595
0.3572254660684492
-0.44810562889433925
0.6674493609843448
-1.2327908243215475
1.3020479111204342
-0.7488693394357535
-0.6276024281178626
-0.8944712531319654
-0.0923078928860498
0.12298241444440837
-0.11951378595557782
-0.12917156394366944
0.9004676637400789
-1.995669167560677
0.3176342231098003
-1.5694724178968469
2.170834570308974
-1.1381760376886747
0.516851654410935
0.3392354585195307
-2.0749121907281296
1.0295042716922922
-1.5166879681985757
0.008688079755852965
-0.3781536672923884
1.2321354435065734
1.717450172695867
-1.5686825954642039
-2.290565133307043
0.3239642354153087
-0.40894614263947854
0.8858714576430948
0.08794028535680608
-0.8681403710652721
0.6281128016918011
1.7572162095417876
-0.8322247669786617
-1.428439478274853
0.86472001806271
-0.7382900026983987
0.5893176642668815
0.5159568570887524
0.10458765441109867
0.7990565500465223
-0.2469101262274009
0.11767418477713673
-1.8938255842146297
0.5683157055845773
-0.21268466282514628
2.059806299312367
0.528236646744139
-2.097167290275602
-2.8994418467992635
2.044710237169263
-1.8966532268282184
-0.8806788797141946
0.25176042975588236
-0.27972318014289993
0.9296186605694668
-1.1543889823964786
0.6624418460290349
-0.45273058678827854
0.21184870829347058
-1.3238171958762237
0.08623145083397986
-1.2974677613270815
-0.09200214175555839
0.9496538989929848
0.4497479996959589
-0.5463056324537291
-0.4383495225749151
-0.6338888582893464
0.4324449134782037
-0.9263811812690564
0.7438431578137892
-0.6463344162768714
0.010230316190202395
-1.0873551255692
0.9417207725856024
-0.5216987740635277
-1.4450919435359668
-0.2613388809435719
-1.179986084976328
-0.6607077640754022
0.27474107846746576
0.7995844291578053
0.7861530123021316
1.0735272846121668
0.19975122459671268
-1.5200317790139553
0.5298267194006964
1.2774939064331268
1.008452871466942
0.5565529476290433
0.486804423205187
0.6371290760786318
-1.015082133923219
-0.3001545345477526
1.2398718455262752
0.539625869251286
-0.10635871954033853
-0.46101030301310164
-1.0716709136588098
0.4666660417024769
-0.31152458791861576
0.013439496843523
1.6116561188632321
0.7958682255329896
-0.6310989217432801
-0.6623770815479878
0.256548809198646
0.5797551995786303
-0.3434605367854555
0.8839354186059131
0.734060380239753
1.271770743665915
-0.7183326246227909
0.4568415001498747
-0.3919329986575892
-0.24997202644883618
0.0751734571317354
0.4749216405500546
1.6625705791716796
-0.45057859632786706
0.7964475104848878
-0.12681963999953227
-1.2600810540595688
0.4916848380459647
-0.37019383353343427
-0.7381195477855688
-0.44236585220141406
-1.777486572377429
-1.2410248716335754
0.08587167245508594
1.7061615523193399
-0.37350264135961136
-1.0947051601118745
0.6546353943088327
0.2500676260209003
0.2081258402294711
-0.3236065495594562
-0.08072094206461261
0.7607893830358455
-1.2318968273470612
1.7705239448215087
1.8229120376875056
1.2464934355596022
-0.6607610684302069
0.008883429897508465
-0.1718765720773684
-0.36053126654246237
-0.9141691727601321
0.11474440301988484
0.42853218056039266
1.881553175751203
-0.6514504339436409
-1.3397511644522742
0.06354263112393073
-0.13366169414557336
0.03480465322803869
-0.4414817086553281
0.8875865688898518
0.08227919764644993
-0.32991032331324877
1.2980427193045851
-0.3453296538032831
-0.8364800482504751
1.3910873663395906
0.6308510479830406
0.03396431326651736
0.7537761683075498
0.14568177506005528
-1.2869024926945654
-1.31019766183388
0.7740335614902046
0.1319877473238909
0.971213578677121
-2.3034763922268096
0.08470458241184999
-0.12691020702677935
-1.5466283617429126
-1.3308576784776014
-0.8648279696702268
-1.307356140371439
0.3516975795900339
0.04312355151439012
0.3129381394375246
0.43725906132465525
-0.16836480791714875
-0.4541472041845067
1.183078286753499
0.5055717768883029
-2.0613014579969287
-0.4348845064679945
0.5799583756852266
2.1310066163471926
0.5116360515455584
-0.12161644596269947
-0.953962906891887
1.0592383117122914
-0.22067115947281607
1.1160569649003402
-0.2754314508981939
2.747530093909202
0.5779012029233966
-0.8338347748946231
-1.9667624488667608
-0.04865461520732434
-0.3629230203540135
0.4093852749197191
2.5132188867137275
-0.44410669058423097
0.18999708015448757
-0.2582602999613262
-1.1055283535406932
0.009154258980876599
0.36128726701080394
1.226728579372199
1.4962058964001343
0.4453834400736747
-0.044114155971703484
-0.5821873260289631
-1.6898305510886167
1.2439676773589154
0.508036169159535
-0.18188286675059565
0.5157661070246007
-0.2361483760212031
0.5103544270565091
-0.1655342057182708
0.007680696800688784
-1.2813806330749706
0.5923846627174945
0.6358663264631618
1.5632508068679747
1.196146169886917
-1.5807236471180977
0.2193526559103526
-2.5117701170221776
0.26973952710503873
0.13274530867844578
1.2575425265106288
0.41600861097162534
0.3669300094234428
-1.5720558735477108
-0.05621649540365643
-0.5716053891951774
-0.3253147659514936
-0.48808461502922623
-0.5141020909584263
-0.24556646474859953
-1.5084380387160063
-1.892793771912975
-1.0382382216930182
-0.1636139072825159
-0.4179733015031684
0.16586179824985783
0.27602732919930906
1.428947396245351
1.6528096987814103
-2.0939649912304934
-1.3638632964090913
-0.4617750043930729
0.539767383545529
0.933726391078362
1.5314380261930747
1.4494771341440504
0.5802670638925113
-0.8840649449873076
1.7504127484773115
0.07304686901178528
-0.8884209722421023
0.15574963196158156
-0.9654082856157916
-0.17492460979814484
1.277277670223952
-1.6201242681937942
-1.1396046841673315
0.8367943578091046
0.5438795255760007
-1.0897991468954529
-0.6099661739099542
-1.1432652123928668
0.22205108467853668
-0.19495006232540302
1.4399633930893794
0.5428671934891219
-0.05204025969610471
0.685754743444584
0.9965578417348446
0.08203016967254334
-0.5212524471350644
-0.14274782393980265
0.26334202640464
1.055822447468809
-0.07439398468313935
-0.5447484398811959
0.36020971808671126
-1.3061886331374652
-0.24710506545880276
0.22269170476323633
0.5709702773606906
-0.4750444039756534
-1.3017850362468817
0.6782532668434486
1.0908695054080382
1.1590781625954658
-0.47926815861543887
1.2655643854484266
1.0508374242173188
1.0312201814357065
-1.007740533483808
-0.43343566962734364
-0.5238708869840184
1.6034042837914622
-1.1236948120435946
-0.29261968305470404
1.151768546838818
0.43491093816759857
0.45328664207225844
0.08082985111905569
-0.7293178142176634
-0.14869546970546377
0.9289405052330847
0.4388952858419014
-0.42704950737019015
-0.8885883216785404
0.21317347414894838
-1.8492615078050016
1.9181414601974398
-0.3531339774940793
0.7809026207099765
-2.2514579230523952
-0.23028934532859374
-0.29514599372626305
0.8242004474237572
-0.4121299395440313
0.7389697407563333
-0.42784567076595914
1.6461059559735283
-0.19662646464391229
-1.0160781465710054
1.3460937933893053
0.9326064019765181
0.5682057824782776
0.8833235680448107
1.2465543912335668
-1.1861543799790968
-1.4285040529160702
0.8037499863773144
-0.20834210723086644
0.7334365584386925
-0.4303592779556592
0.33359493535779156
-0.8903689662367253
1.1296571654211423
-1.0377025101165607
-0.6741132926427391
1.241101623365915
-0.5228074772036654
-2.3899886239386037
-0.8129696933494035
-0.10314827085439066
-1.2150176602218528
0.07559644092134012
0.9258489459147219
0.3374120620450686
1.22502460293224
0.7958177375123022
-0.8468396647586564
0.153250320545482
-2.0547973123716496
-0.21589431902911538
0.8454734771037979
1.1820595212020006
1.4796841861470675
-1.2803126663197895
-0.48166025515405786
-1.0724185711510925
0.23902102215205573
-0.35112131159121535
1.275325488496234
-2.4087992591690783
0.2765649971129271
-0.0633171070680003
-0.45356697420774694
0.6517231189563178
0.5948213611479213
-0.5185845446815727
0.0974807703121153
0.20412685092165778
-0.22033808304803026
-0.7186459722030484
-0.46169199178865283
-0.8464611687240035
-0.4559282453553659
0.9139101759557589
-0.8707781478275024
0.6389228072957606
-2.2331665917858543
-1.3402224865611272
0.23000342618940323
-0.2935350530917573
-1.744121309933103
-0.2357201626994682
0.9593001565207852
-0.5474762576216149
2.3223926001146795
0.5664798165737672
0.4422487905307781
-1.2286497894076807
1.066275604534059
-0.6481447209200429
0.366480332524432
-1.2844386765556766
0.845996582558476
-0.17797404649596862
-1.2076345818125978
-1.113490741386897
-0.9902699758600348
0.8224946996737115
1.7616205880123557
-1.4563092822056678
-0.1529743430613425
0.07140159022812853
-1.4506330364528195
-0.17562871405161629
-1.1667945156191133
-2.2756593359492427
0.3622902392913232
-0.6182805958071439
0.5867753016466744
-1.3532152829931385
-1.7992657442280702
0.5081869455528878
-0.27998758318089817
2.599905288332115
0.0589014789394483
-0.25556166577569916
0.5536114635330819
-0.6604567011808449
1.7409504569945329
-0.1210920668802485
-0.9285240818138601
1.141429881540957
-0.787937654919339
-0.09711407515833605
-0.6741204368597177
0.8938740601670481
0.6681989298293807
-0.2613169588180871
0.1544503719078041
-1.293648644497476
0.29489729728785047
0.9405595789406783
1.1556008803962385
-0.6209514157804884
0.0843527923868886
-1.701658375081586
-1.037624990647939
-0.7110866220064196
-0.17226197807069016
-1.7236287563062251
-0.01975713184160072
1.1434721487886694
-0.563641315066575
0.21168168306903562
-0.7848006865930219
-1.2507384997946327
0.6558446687775418
2.089335389620466
-0.275949538670605
-1.5399370612484318
-0.5843019638428036
1.5701293853593459
-0.5278251628545051
0.16297904776033648
1.906911037011954
1.7944363330722648
0.806749641163646
-0.3411795856541752
0.10395557715295069
-0.9930233632345602
-0.5681520125536326
0.26106283026239163
-1.087542604507118
-0.6883102903673832
-0.8437047562997673
0.44071528527210213
0.9166396168948651
-1.4114227841590985
0.25958394504313653
1.131357650052599
0.11911212695793479
1.323032506577964
-0.3642531064736736
-1.2982799667363818
0.6222121825757652
0.7946745016366633
-0.40924919094258166
-0.6315977953819698
-1.01864695047448
-1.2563317803095138
-0.4136670682635132
0.4044356908342438
-2.5300853557816927
0.8872197599644768
-0.1230013943454979
0.261499933157984
-0.9714564490755185
-0.7829196154188962
0.12058514162944603
1.1856372948610623
0.024298587721274266
-1.0987078406429611
1.1177647146779217
-0.6106895820752513
-0.13345145759288285
-0.38648908966713236
-0.039254709277415006
-2.0437736839044054
0.9407422514189508
-0.016732147282964245
1.4975039193524766
-1.1790898998244377
-0.45675061302931264
0.18887620590343174
-1.5949716451105933
-0.0290650087138235
-0.3543093102249629
-1.0221571009260508
-0.07236411206736862
0.07607129654435309
2.0037787435225987
-0.8755056515044233
-1.489591611802611
1.061736516730814
0.1500348418892494
0.9420047834605583
0.29215447868890076
0.019500688322063028
0.2806546351383575
-0.7802308699011583
-1.450481249708052
-1.2114192555430212
0.8449002314875038
-0.5330117794296987
-1.3131027648703322
-0.011002106705348848
-0.9953396079363384
-1.8497035552440086
-0.19366239121828885
1.0953313340498476
0.3434727395191056
1.7374900734801577
-0.106735781723431
0.1428037489674031
0.27210769174048016
1.6495042952252768
0.23355354302899203
0.30166555506830195
-1.8851176191897117
-0.57166281930543
0.9220308366943389
0.13150966849496398
1.9328984180448623
-0.2270682137476333
-0.9459037663824962
-0.2967115124059142
2.025265204775335
-0.38860831231741433
-0.01048522962706002
-1.2647231288356593
0.1652464684602835
-0.32348405101301564
1.8104885389009415
0.1280049437063459
-0.9704082057216307
1.0619659395741337
0.5557292278120662
-0.2853560990889278
0.05956128400541851
0.8843566096566925
-0.9065454130420437
0.1900895196598891
-1.019956016575794
1.0177705354588609
0.29387131058301746
-0.3869303275265488
-0.5425945763272472
-0.7819274177423547
-0.9848619561776666
-0.1479420258770998
1.0097771542721783
0.6501432023023938
-2.235528103349621
2.107196065706349
-1.0027597533713168
0.41948268738379574
0.32530114949087435
-0.10117108591856225
-0.9538370513350747
-0.7714472087632972
-0.42454543438562387
-1.9559217096813066
1.7716437809773904
0.0659146937909623
-0.3614806463896572
-0.11956978427507718
0.33567966488733425
-0.5834654813117199
-0.36141418761989863
-0.28857654772153873
2.1852453317675913
0.03704271762565007
-1.8690399995447655
1.3115258061388158
2.6248414118313907
0.9455180483920042
0.21606316046968727
0.23508523941831647
1.0238168472415285
0.11581726123991724
1.9689931727490826
